title	journal_name	year	issue	author	keywords	summary	pdf_filename	article_url
三维数据场可视化中图像合成新算法	计算机工程	1995	1995年S1期	【作者】 崔汉国 ； 胡瑞安 ； 金端峰 ； 【机构】 华中理工大学汽车工程系!武汉430074 ；	体绘制 ； 标量场 ； 科学可视化 ； volume rendering / scalar field / scientific visualization ；	提出了一种新的密度云图像合成算法,用于表现3D数据场的分布。算法从视觉模型的计算入手,对图像合成中的基本图元—四面体进行遮蔽优先度排序,算法充分利用了数据场的三维连贯性,可用于三维规则及非规则数据场的可视化。	1995年S1期_三维数据场可视化中图像合成新算法.pdf	http://sso.cdclib.org/interlibSSO/goto/6/=06190596Z93/kcms/detail/detail.aspx?dbCode=cjfq&filename=JSJC1995S1000&dbname=CJFD9498
Btrieve中数据的完整性和并发性控制	计算机工程	1995	1995年S1期	【作者】 任午令 ； 【机构】 杭州商学院信息系!杭州310035 ；	记录上锁 ； TTS ； 交易 ； 并发性 ； 数据完整性 ； record locking / TTS / transaction / concurrency control / data iotegrity ；	完整性控制是指保证文件中数据完备和正确的一套方法,而并发控制是关于解决两个及两个以上应用程序访问同一个数据时可能会遇到冲突的一套方法。本文着重介绍Btrieve记录管理系统中数据的完整性和并发性的控制方法。	1995年S1期_Btrieve中数据的完整性和并发性控制.pdf	http://sso.cdclib.org/interlibSSO/goto/6/=06190596Z93/kcms/detail/detail.aspx?dbCode=cjfq&filename=JSJC1995S1001&dbname=CJFD9498
DHEC东海数表软件系统的设计与实现	计算机工程	1995	1995年S1期	【作者】 周明海 ； 周颖 ； 刘庆元 ； 许华虎 ； 俞星华 ； 唐毅 ； 【机构】 上海大学计算机学院!上海201800 ；	数据结构 ； 文件结构 ； 内存管理 ； 链表 ； data structure / file stucture / memory management / linked list ；	DHEC东海数表软件系统是Windows环境下具备新一代计算机软件特色的电子表格软件,它具有基于图形的用户界面(GUI)以及下拉式菜单(Drop-Down)、对话框(Dialog Box)、图标(Icon)等用户界面。本文介绍了DHEC系统的开发背景、总体结构和功能,并较系统地介绍了它的数据结构和文件的实现。本系统在初步应用中取得了令人满意的效果。	1995年S1期_DHEC东海数表软件系统的设计与实现.pdf	http://sso.cdclib.org/interlibSSO/goto/6/=06190596Z93/kcms/detail/detail.aspx?dbCode=cjfq&filename=JSJC1995S1002&dbname=CJFD9498
利用程序段前缀PSP来传递参数	计算机工程	1995	1995年S1期	【作者】 孙一平 ； 葛广军 ； 【机构】 南京理工大学计算机系!南京210014 ；	专家系统 ； 知识库 ； 程序段前缀 ； expen system / knowledge base / program segment prefix ；	专家系统的知识子库之间以及知识库和外部调用程序之间的参数传递是十分重要的问题,作者在外弹道专家系统的开发过程中,利用程序段前缀PSP有效地解决了这一问题。	1995年S1期_利用程序段前缀PSP来传递参数.pdf	http://sso.cdclib.org/interlibSSO/goto/6/=06190596Z93/kcms/detail/detail.aspx?dbCode=cjfq&filename=JSJC1995S1003&dbname=CJFD9498
软件可靠性数据收集的方法和技术	计算机工程	1995	1995年S1期	【作者】 党齐民 ； 杨新发 ； 【机构】 西安石油学院计算机系!西安710061 ； 西安理工大学计算中心!西安710048 ；	软件可靠性 ； 软件可靠性模型 ； 软件可靠性数据 ； software reliability / software reliability models / software reliability data ；	在汇总分析软件可靠性数据的基础上,对其进行了合理的分类,进而提出了一套收集软件可靠性数据的系统化方法,并探讨了实现自动收集软件可靠性数据的基本技术。	1995年S1期_软件可靠性数据收集的方法和技术.pdf	http://sso.cdclib.org/interlibSSO/goto/6/=06190596Z93/kcms/detail/detail.aspx?dbCode=cjfq&filename=JSJC1995S1004&dbname=CJFD9498
SDOODBTS的查询语言SDQL	计算机工程	1995	1995年S1期	【作者】 姜跃平 ； 董继润 ； 【机构】 山东大学计算机系!济南250100 ；	面向对象数据模型 ； 层次 ； 对象接口 ； 查询语言 ； object-oriented database system / hierachy / object interface / query language ；	全面介绍了面向对象的数据库实验系统SDOODBTS的查询语言SDQL。它建立在面向对象数据模型上,具有类SQL的语法风格,提供了较完整的模式定义、查询和数据修改机制,在索引、高级对象接口、查询中的封装性保持等问题上具有自己的特点。	1995年S1期_SDOODBTS的查询语言SDQL.pdf	http://sso.cdclib.org/interlibSSO/goto/6/=06190596Z93/kcms/detail/detail.aspx?dbCode=cjfq&filename=JSJC1995S1005&dbname=CJFD9498
开放式并行自导向客户/服务器接口	计算机工程	1995	1995年S1期	【作者】 包振东 ； 【机构】 上海交通大学计算机系!上海200030 ；	客户/服务器接口 ； 协议自动机 ； 非确定性原语匹配 ； 逻辑归约 ； 接插式自动机 ； client/ server interface / protocol machine / indefinite matching / logical induction / plug-and-play PM ；	从客户/服务器体系结构的应用层协议机制入手,提出基于三维语法表的文法分析构想,并在此基础上,探索以接插式协议自动机为核心的、具有并行和自动导向能力的开放式客户/服务器接口的设计构思。	1995年S1期_开放式并行自导向客户+服务器接口.pdf	http://sso.cdclib.org/interlibSSO/goto/6/=06190596Z93/kcms/detail/detail.aspx?dbCode=cjfq&filename=JSJC1995S1006&dbname=CJFD9498
开放型应用软件的设计	计算机工程	1995	1995年S1期	【作者】 钱旭 ； 刘红缨 ； 【机构】 中国矿业大学自动化系!徐州221008 ；	CASE ； 开放型 ； 传统式软件设计 ； 面向对象设计 ； 元类 ； 芯片类 ； CASE / open / traditional design / object-oriented design / cell-class / chip-class. ；	对于应用软件的设计,从其设计方法来看,目前无外乎有两种方式:传统的功能模块设计和面向对象的类设计。但无论采用哪一种方式,几乎都存在有诸多不便之处。本文提出了将这两种方法结合在一起来构造一个开放型的应用软件的方法,以适应目前广大软件开发的实际情况。	1995年S1期_开放型应用软件的设计.pdf	http://sso.cdclib.org/interlibSSO/goto/6/=06190596Z93/kcms/detail/detail.aspx?dbCode=cjfq&filename=JSJC1995S1007&dbname=CJFD9498
KBMCL:一种面向智能决策支持系统的模型构造语言	计算机工程	1995	1995年S1期	【作者】 郑明春 ； 张家重 ； 【机构】 山东师范大学计算机科学系!济南250014 ；	构模语言 ； 决策支持系统 ； 开发环境 ； model construct language / decision support system / development environment ；	基于知识的模型构造语言KBMCL,是我们研制的智能决策支持系统开发环境IDSSE的语言系统的基础,作为模型构造与知识表达的工具,它建立起了知识库与模型的双向联结并以交互方式支持几种重要的辅助决策手段,从而增进了决策过程的可视化程度。本文着重介绍了KBMCL语言的设计思想。主要语法结构和有关的知识表示技术及推理策略,最后给出了一个简单的应用案例。	1995年S1期_KBMCL:一种面向智能决策支持系统的模型构造语言.pdf	http://sso.cdclib.org/interlibSSO/goto/6/=06190596Z93/kcms/detail/detail.aspx?dbCode=cjfq&filename=JSJC1995S1008&dbname=CJFD9498
一种实时系统中非周期任务的调度算法	计算机工程	1995	1995年S1期	【作者】 雷航 ； 熊光泽 ； 【机构】 电子科技大学微机所!成都610054 ；	非周期任务 ； 任务调度 ； 数学期望 ； 截止时间 ； 突发性 ； nonperiodic tasks / task scheduling / mathematics mean / deadline / burst ；	分析了实时系统中非周期任务的特点,给出了非周期任务的分布函数和数学期望值,并在此基础上提出了一种非周期任务的调度算法,使之尽可能满足非周期任务的截止时间。	1995年S1期_一种实时系统中非周期任务的调度算法.pdf	http://sso.cdclib.org/interlibSSO/goto/6/=06190596Z93/kcms/detail/detail.aspx?dbCode=cjfq&filename=JSJC1995S1009&dbname=CJFD9498
Client/Server模式程序设计中的进程垃圾处理	计算机工程	1995	1995年S1期	【作者】 杨映南 ； 张卓莹 ； 刘永志 ； 【机构】 南京航空航天大学计算中心!南京210016 ；	客户/服务器 ； 进程 ； 网络 ； Client / Server / process / network ；	根据Client/Server模式程序设计原理,提出了该模式中的进程垃圾概念。在分析UNIX系统中有关进程处理算法的基础上。给出了一种处理这些垃圾的方法。	1995年S1期_Client+Server模式程序设计中的进程垃圾处理.pdf	http://sso.cdclib.org/interlibSSO/goto/6/=06190596Z93/kcms/detail/detail.aspx?dbCode=cjfq&filename=JSJC1995S1010&dbname=CJFD9498
ORACLE数据库远程访问能力的扩展	计算机工程	1995	1995年S1期	【作者】 王东 ； 王洪骏 ； 林海 ； 【机构】 总参第六十一研究所!北京100039 ；	数据库系统 ； 远程访问 ； 分布处理 ； database system / remote access / distributed processing ；	介绍了在UNIX SVR4.2系统上对于ORACLE V7的远程访问软件SQL*Net的一种扩展方法。这种扩展可以使用户突破SQL*Net的局限,在ORACLE所不支持的网络环境实现ORACLE的远程访问功能,这种方法可以支持ORACLE现有的全部开发环境,并且可以与SQL*Net的现有产品同时运行于同一个系统中。并介绍了扩展软件与ORACLE软件的连结方法,扩展软件实现中的几个关键问题,指出今后可能的发展方向。	1995年S1期_ORACLE数据库远程访问能力的扩展.pdf	http://sso.cdclib.org/interlibSSO/goto/6/=06190596Z93/kcms/detail/detail.aspx?dbCode=cjfq&filename=JSJC1995S1011&dbname=CJFD9498
手写汉字识别预处理算法研究	计算机工程	1995	1995年S1期	【作者】 王林泉 ； 汪午龙 ； 汤笑笑 ； 【机构】 上海海运学院计算中心200135 ； 东方航空公司 ； 上海交通大学 ；	预处理 ； 行字切分 ； 画面插入 ； 正规化 ； preprocessing / line and character scgmantauon / surface interpolation / normalization ；	论述手写汉字识别预处理的算法和技术。文字图像用扫描仪或图像系统输入,文字的行切分和字切分用常用算认和经验公式,正规化处理运用了曲面插入算法和文字重心位置规整化方法。	1995年S1期_手写汉字识别预处理算法研究.pdf	http://sso.cdclib.org/interlibSSO/goto/6/=06190596Z93/kcms/detail/detail.aspx?dbCode=cjfq&filename=JSJC1995S1012&dbname=CJFD9498
无共享并行数据库中结点故障对策	计算机工程	1995	1995年S1期	【作者】 昌月楼 ； 阳国贵 ； 【机构】 国防科技大学计算机系!长沙410073 ；	并行处理 ； 数据库 ； 容错 ； 负载均衡 ； parallel processing / database / fault tolarence / load balance ；	介绍了无共享并行数据库中用到的几种结点故障(处理机故障或磁盘故障)处理办法,分析了这几种办法在故障情况下保证数据库可用和负载均衡方面的差别,指出了链式分布(Chained Dcclustering)技术在上述两方面的优势。	1995年S1期_无共享并行数据库中结点故障对策.pdf	http://sso.cdclib.org/interlibSSO/goto/6/=06190596Z93/kcms/detail/detail.aspx?dbCode=cjfq&filename=JSJC1995S1013&dbname=CJFD9498
面向对象的工程数据库DOEDB	计算机工程	1995	1995年S1期	【作者】 陈泓 ； 李志刚 ； 【机构】 华中理工大学机械学院国家模具重点实验室!武汉430074 ；	工程数据库 ； 面向对象 ； 模具 ； engineering database / object -oriented / die ；	介绍了应用于模具CAD/CAM的工程数据库管理系统DOEDB。DOEDB是在Windows环境下工作的面向对象的数据库,它由对象管理器、对象服务器、存储管理器,图形管理和标准零部件库等部分组成。该系统支持面向对象的数据模型,但在数据库操作上具有以关系模型为基础管理对象的特点。	1995年S1期_面向对象的工程数据库DOEDB.pdf	http://sso.cdclib.org/interlibSSO/goto/6/=06190596Z93/kcms/detail/detail.aspx?dbCode=cjfq&filename=JSJC1995S1014&dbname=CJFD9498
Hash位阵列消重算法及性能分析	计算机工程	1995	1995年S1期	【作者】 李汉菊 ； 程鹏 ； 李之棠 ； 【机构】 华中理工大学例算机系!武汉430074 ；	数据库机 ； hash位阵列 ； 假重复元组 ； 相对误差率 ； Database Machine / hash bit array / spurious duplicate tuple / relative error rate ；	论述了数据库机中关系运算的哈希位阵列消除重复元组(消重)的硬算法,对其进行了改进,并且对其性能进行分析,从而为该算法在数据库机的应用研究奠定基础。	1995年S1期_Hash位阵列消重算法及性能分析.pdf	http://sso.cdclib.org/interlibSSO/goto/6/=06190596Z93/kcms/detail/detail.aspx?dbCode=cjfq&filename=JSJC1995S1015&dbname=CJFD9498
面向对象语言的剖析	计算机工程	1995	1995年S1期	【作者】 于玉 ； 丁宝康 ； 【机构】 复旦大学计算机系!上海200433 ；	软件开发 ； 面向对象语言 ； 面向对象范例 ； software development / OOL / object-oriented paradigm ；	介绍4个最主要的面向对象语言(OOL)的特色,分析OOL的分类标准以及讨论00L对面向对象范例的影响。	1995年S1期_面向对象语言的剖析.pdf	http://sso.cdclib.org/interlibSSO/goto/6/=06190596Z93/kcms/detail/detail.aspx?dbCode=cjfq&filename=JSJC1995S1016&dbname=CJFD9498
Windows风格界面的实现方法及实例	计算机工程	1995	1995年S1期	【作者】 刘晓强 ； 方滨兴 ； 【机构】 哈尔滨工业大学计算机系!哈尔滨150001 ；	用户界面 ； 面向对象 ； 窗口 ； 对象窗口库(OWL) ； user interface / object-oriented / windows / object windows library(OWL). ；	界面设计已成为系统设计必不可少的一部分,根据用户界面与应用核心设计相分离的思想,以在BC++环境下采用OWL设计Windows风格界面为例,探讨了实现Windows风格界面的方法。	1995年S1期_Windows风格界面的实现方法及实例.pdf	http://sso.cdclib.org/interlibSSO/goto/6/=06190596Z93/kcms/detail/detail.aspx?dbCode=cjfq&filename=JSJC1995S1017&dbname=CJFD9498
一种快速的自退火算法及其改进方案	计算机工程	1995	1995年S1期	【作者】 倪志伟 ； 贾瑞玉 ； 程慧霞 ； 【机构】 安徽大学计算机系!合肥230039 ；	神经网络 ； 模拟退火 ； 单元自退火 ； neural networks / simulated annealing / self-annealing of unit ；	首先讨论了传统的模拟退火算法,针对其速度慢的缺陷,提出一种快速退火算法,并给出其改进方案,最后给出了它们的实验结果和分析讨论。	1995年S1期_一种快速的自退火算法及其改进方案.pdf	http://sso.cdclib.org/interlibSSO/goto/6/=06190596Z93/kcms/detail/detail.aspx?dbCode=cjfq&filename=JSJC1995S1018&dbname=CJFD9498
神经网络在提取规则中的应用	计算机工程	1995	1995年S1期	【作者】 何月娟 ； 谢铭培 ； 【机构】 复旦大学计算机系!上海200433 ；	知识获取 ； 模糊规则 ； 隶属度函数 ； 神经网络 ； knowledge extraction / fuzzy rules / membership function / neural network ；	模糊规则在许多领域中得到了非常成功的应用,但是要从大量的数据资料中获取适当的模糊规则和隶属度函数却是一件困难的事情。而神经网络的并行计算可以快速高效地处理数据资料,找出其规律性,但是模糊规则如何在神经网络中表示呢?本文提出将神经网络应用于提取模糊规则和调整其隶属度函数中,详细阐述了该神经网络的模型及其学习算法和模糊规则在神经网络中的表示。	1995年S1期_神经网络在提取规则中的应用.pdf	http://sso.cdclib.org/interlibSSO/goto/6/=06190596Z93/kcms/detail/detail.aspx?dbCode=cjfq&filename=JSJC1995S1019&dbname=CJFD9498
一种具有指数收敛速度的多层前馈神经元网络训练算法及其应用	计算机工程	1995	1995年S1期	【作者】 尚金成 ； 傅巧萍 ； 张勇传 ； 【机构】 华中理工大学电力工程系!武汉430074 ；	多层前馈神经元网络 ； 指数收敛速度 ； 训练算法 ； multilayer  feelforward  neural  networks / exponential convergence  speed / learningalgorithm ；	针对目前常用的多层前馈神经元网络的BP学习算法的收敛速度慢、易出现病态情况、且容易陷入局部极小点的缺点,提出了一种新的多层前馈神经元网络训练算法。该算法具有指数收敛速度,能克服病态,算法简单,易于应用,并且给出了该算法收敛性的证明。实例分析验证了算法的有效性。	1995年S1期_一种具有指数收敛速度的多层前馈神经元网络训练算法及其应用.pdf	http://sso.cdclib.org/interlibSSO/goto/6/=06190596Z93/kcms/detail/detail.aspx?dbCode=cjfq&filename=JSJC1995S1020&dbname=CJFD9498
基于知识的同工酶谱分析系统	计算机工程	1995	1995年S1期	【作者】 寿砚耕 ； 孔繁胜 ； 【机构】 浙江大学计算机系!杭州310027 ；	同工酶谱 ； 图像处理 ； 分割 ； 匹配 ； 模糊产生式系统 ； 知识 ； isozyme / image processing / segmentation / matching / fuzzy production system /know ledge ；	介绍了用计算机对农作物同工酶谱照片进行分析处理的一个系统。它包括图像预处理、分割、知识模块,匹配等主要部分。在传统图像处理的基础上,着重分析了知识模块的结构和内容,描述了用于低级分割调整和物体识别的一些典型规则,并在这些规则指导下完成匹配结果。	1995年S1期_基于知识的同工酶谱分析系统.pdf	http://sso.cdclib.org/interlibSSO/goto/6/=06190596Z93/kcms/detail/detail.aspx?dbCode=cjfq&filename=JSJC1995S1021&dbname=CJFD9498
基于知识的转子动力学分析与诊断系统	计算机工程	1995	1995年S1期	【作者】 刘纪锋 ； 黄太平 ； 【机构】 南京航空航天大学动力工程系!南京210016 ；	转子动力学 ； 专家系统 ； 故障诊断 ； 模态综合 ； 失效模式 ； rotor dynamics / expert system / fault diagnostics / model synthesis / Culture analysis ；	提出了一种新的航空发动机转子系统模型化及分析方法,将计算机辅助模型化、子结构模态综合法与复杂结构设计的专家系统技术相结合,利用知识库存储的知识,进行转子系统模型建立、模型的分析诊断和转子系统的再设计。	1995年S1期_基于知识的转子动力学分析与诊断系统.pdf	http://sso.cdclib.org/interlibSSO/goto/6/=06190596Z93/kcms/detail/detail.aspx?dbCode=cjfq&filename=JSJC1995S1022&dbname=CJFD9498
自反馈整数权神经网络——一种多项式型学习算法	计算机工程	1995	1995年S1期	【作者】 叶淼林 ； 吴福朝 ； 【机构】 安庆师院数学系!安庆246011 ； 安徽大学人工智能研究所!合肥230039 ；	神经网络 ； 学习算法 ； shallow-cat ； ellipsoid方法 ； neural network / learning algorthm / shallow-cat euipsoid method. ；	根据规划数学中的几何算法理论,给出自反馈神经网络求整数权矩阵的一种新的学习算法,该算法是训练样本个数的多项式型。	1995年S1期_自反馈整数权神经网络——一种多项式型学习算法.pdf	http://sso.cdclib.org/interlibSSO/goto/6/=06190596Z93/kcms/detail/detail.aspx?dbCode=cjfq&filename=JSJC1995S1023&dbname=CJFD9498
基于反复加深的学习式启发式搜索算法Learning-IDA和Learning-PIDA	计算机工程	1995	1995年S1期	【作者】 王士同 ； 【机构】 华东船舶工业学院计算机系!镇江212003 ；	启发式搜索 ； 学习 ； 反复加深 ； 算法 ； heuristic search / learning / iterative-deepening / algorithm ；	基于动态改变启发式估价函数值的机制,提出了反复加深的启发式搜索算法IDA的改进算法Learning-IDA。该算法具有重要的学习性质:若启发式估价函数取最佳耗散值的下界,则通过使用Learnin-IDA算法大量解题,启发式估价函数最终将收敛到最佳耗散值。最后,基于启发式估价函数值向上传播的思想,本文还提出了Learnin-IDA的改进算法Learning-PIDA。	1995年S1期_基于反复加深的学习式启发式搜索算法Learning-IDA和Learning-PIDA.pdf	http://sso.cdclib.org/interlibSSO/goto/6/=06190596Z93/kcms/detail/detail.aspx?dbCode=cjfq&filename=JSJC1995S1024&dbname=CJFD9498
工程图扫描输入后的识别及重建研究	计算机工程	1995	1995年S1期	【作者】 刘钟 ； 张树生 ； 张铁昌 ； 【机构】 西北工业大学!1003教研室西安710072 ；	尺寸驱动 ； 人工神经网络 ； 模糊推理 ； CAD/CAM ； dimension-driven / artificial neural networks / fuzzy reasoning / CAD / CAM ；	提出一种基于知识的高精度机械工程图二维重建方法。在研究中,充分利用图纸中所蕴含的知识型信息,注重整体识别、模糊推理技术的运用,将图纸标准字符的理解和尺寸对图形的制约作用统一考虑。通过尺寸驱动方法,实现了从图像中重建几何信息及拓扑信息,进而对扫描图像进行精确的智能校正。	1995年S1期_工程图扫描输入后的识别及重建研究.pdf	http://sso.cdclib.org/interlibSSO/goto/6/=06190596Z93/kcms/detail/detail.aspx?dbCode=cjfq&filename=JSJC1995S1025&dbname=CJFD9498
复杂曲线与曲面的CAM技术研究	计算机工程	1995	1995年S1期	【作者】 李亚栋 ； 焦建新 ； 杜君文 ； 【机构】 天津大学机械系!天津300072 ；	非均匀有理B样条 ； 圆弧样条 ； 曲线与曲面拟合 ； 数控加工 ； Non Uniform Rational B Spline (NURBS) / arc spline/ curve and surface fitting/ NCmachining ；	本文针对复杂曲线与曲面的CAM问题,系统地研究了NURBS方法及其特性,成功地将其应用于复杂轮廓及复杂模具的造型、拟合和数控编程中．根据数据机床的特点,将圆弧样条与NURBS方法有机结合起来,以确定刀心轨迹和数控加工程序,提出了解决过切现象的三种有效方法．在微机上开发了具有图形功能的自动编程软件．	1995年S1期_复杂曲线与曲面的CAM技术研究.pdf	http://sso.cdclib.org/interlibSSO/goto/6/=06190596Z93/kcms/detail/detail.aspx?dbCode=cjfq&filename=JSJC1995S1026&dbname=CJFD9498
PROTEL电路布线手册未说明的操作要点	计算机工程	1995	1995年S1期	【作者】 金隐华 ； 【机构】 浙江大学外贸商检系!杭州310027 ；	PROTEL ； 印制电路 ； 自动布线 ； PROTEL / PCB / auto-route ；	对PROTEL印制电路自动布线过程中的一些较深入的问题,如集成块隐含电源端的处理,一个集成块含多套不同器件的分别编辑,利用PROTEL自动布线功能实际地给电路板布局、布线的最佳方法等,作详细的解说。这些问题在现有的几本PROTEL软件使用手册中未作系统的介绍。	1995年S1期_PROTEL电路布线手册未说明的操作要点.pdf	http://sso.cdclib.org/interlibSSO/goto/6/=06190596Z93/kcms/detail/detail.aspx?dbCode=cjfq&filename=JSJC1995S1027&dbname=CJFD9498
产品方案设计智能CAD的数据模型	计算机工程	1995	1995年S1期	【作者】 孙守迁 ； 肖少拥 ； 许海明 ； 梁小婉 ； 【机构】 浙江大学CAD&CG国家重点实验室!杭州310027 ； 浙江省供销社职工学院 ；	工程数据库 ； 产品模型 ； 智能CAD ； engineering database / product model / intelligent CAD ；	提出了面向产品方案设计智能CAD的数据模型,采用了层次—关系混合模型,能支持设计版本和复杂递归关系的描述。该数据模型已成功地应用于细纱机产品CAD动态数据库系统中。	1995年S1期_产品方案设计智能CAD的数据模型.pdf	http://sso.cdclib.org/interlibSSO/goto/6/=06190596Z93/kcms/detail/detail.aspx?dbCode=cjfq&filename=JSJC1995S1028&dbname=CJFD9498
一种判定简单多边形与凸多边形可移动性的算法	计算机工程	1995	1995年S1期	【作者】 杜玉越 ； 【机构】 聊城师范学院计算中心!山东聊城252059 ；	多边形 ； 凸多边形 ； 可移动性 ； 时间复杂性 ； polygon / convex polygon / movable direction / time-complexity ；	设简单多边形P=(P 0 ,P 1 ,…,P n-1 的凸包和凸多边形Q=(q 0 ,q 1 ,…q m-1 互不相交。研究了P相对于Q的可移动性问题,提出了一种在最坏情况下时间复杂性为O（n+m）的算法,它在不计常数因子的情况下是最优的。	1995年S1期_一种判定简单多边形与凸多边形可移动性的算法.pdf	http://sso.cdclib.org/interlibSSO/goto/6/=06190596Z93/kcms/detail/detail.aspx?dbCode=cjfq&filename=JSJC1995S1029&dbname=CJFD9498
三次平面Bézier曲线的最佳逼近	计算机工程	1995	1995年S1期	【作者】 杜玉越 ； 【机构】 聊城师范学院计算中心!山东聊城252059 ；	计算机图形学 ； 双曲线偶逼近 ； Bezier曲线 ； computer graphics / bi-hyperbola approximation / Bezicr curves ；	本文提出一种用双曲线偶逼近三次平面Bezier曲线的迭代算法,它保持曲线的整体光滑性,比用双圆弧逼近精度高,速度快,并可节省一半的绘图信息。	1995年S1期_三次平面Bézier曲线的最佳逼近.pdf	http://sso.cdclib.org/interlibSSO/goto/6/=06190596Z93/kcms/detail/detail.aspx?dbCode=cjfq&filename=JSJC1995S1030&dbname=CJFD9498
分数维图形的显示与应用	计算机工程	1995	1995年S1期	【作者】 邹荣金 ； 【机构】 江苏理工大学计算机系!镇江212000 ；	分数维图形 ； 非线性映射 ； 吸引子 ； 混饨 ； 真实感三维图形显示 ； fractal graphics / non-linear mapping / attractor / chaos / three dimensional realistic graphics display ；	介绍了分数维图形的理论基础及其显示算法,并应用到自然树木的三维显示中。指出了迭代函数系统不仅是复数域的一种非线性变换,而且可以是计算机语言所描述的一个过程,甚至可以是一个抽象的过程,只要对它的运动、变化规律作出合理的图形学解释,就可以显示其分数维几何形态。同时,复域的迭代函数系统可以显示出千变万化的色彩与图形,研究其内在规律性,并生成所希望的数学艺术图形具有一定的应用和理论意义。	1995年S1期_分数维图形的显示与应用.pdf	http://sso.cdclib.org/interlibSSO/goto/6/=06190596Z93/kcms/detail/detail.aspx?dbCode=cjfq&filename=JSJC1995S1031&dbname=CJFD9498
快速并行跟踪细化算法	计算机工程	1995	1995年S1期	【作者】 陈辉 ； 王海洋 ； 【机构】 山东工业大学电子系!济南250014 ； 山东大学计算机系!济南250014 ；	细化算法 ； 二值图像 ； 图像处理 ； thinning algorithm / two-value image / image processing ；	提出了一种基于全体边缘的并行跟踪细化算法,适用于二值图像。该算法消除了已细化到位边缘的重复检测及大量背景点检测,处理速度快,且能获得效果优良的中心骨架。文中对算法进行了描述．并通过具体实例说明了算法的有效性。	1995年S1期_快速并行跟踪细化算法.pdf	http://sso.cdclib.org/interlibSSO/goto/6/=06190596Z93/kcms/detail/detail.aspx?dbCode=cjfq&filename=JSJC1995S1032&dbname=CJFD9498
VGA改变扫描起始地址实现多踪曲线快速滚动技术	计算机工程	1995	1995年S1期	【作者】 金隐华 ； 【机构】 浙江大学外贸商检系!杭州310013 ；	VGA ； 曲线生成 ； 滚动显示 ； VGA / multi-curve generation / fast pan ；	提出一种利用VGA显示卡可改变显示帧存扫描起始地址使图像移位的原理实现多踪曲线快速滚动。由于它没有重复生成—清除—再生成曲线这种耗时的过程,速度可以非常快。	1995年S1期_VGA改变扫描起始地址实现多踪曲线快速滚动技术.pdf	http://sso.cdclib.org/interlibSSO/goto/6/=06190596Z93/kcms/detail/detail.aspx?dbCode=cjfq&filename=JSJC1995S1033&dbname=CJFD9498
几何迭代系统与计算机建模	计算机工程	1995	1995年S1期	【作者】 王子仪 ； 徐研人 ； 廖光裕 ； 【机构】 复旦大学CAD中心!上海200433 ；	几何迭代系统 ； 图形基元 ； 参数化规则 ； 规则库 ； geometry substitution system (GSS) / geometry primitives / parameterized rules /rule generation ；	如何来描述一些具有一定的规则和自相似性但结构十分复杂的图形,是计算机建模中一个十分棘手的问题。本文则试图通过对一个实例的研究介绍一种新颖的建模方法—几何迭代的方法。	1995年S1期_几何迭代系统与计算机建模.pdf	http://sso.cdclib.org/interlibSSO/goto/6/=06190596Z93/kcms/detail/detail.aspx?dbCode=cjfq&filename=JSJC1995S1034&dbname=CJFD9498
基于GUI的图文MIS设计	计算机工程	1995	1995年S1期	【作者】 陈永平 ； 杨桥英 ； 赵信 ； 【机构】 华中理工大学计算中心!武汉430074 ；	管理信息系统 ； 图形用户接口 ； 图形处理 ； 常驻内存程序 ； 中断接口 ； MIS / GUI / graphic processing / TSR / interrupt interface. ；	介绍了基于DOS的GUI(图形用户接口)和FoxBASE数据库管理系统,具有文字、数据、图形、图像处理功能的图文管理信息系统(GMIS)的设计,论述了GMIS系统结构、DOS下的GUI结构及设计,GMIS内部参数传递等问题。基于GUI的GMIS小依赖特殊的硬件设备,在低档的286,386微机上便可运行,实现图文信息的综合管理。	1995年S1期_基于GUI的图文MIS设计.pdf	http://sso.cdclib.org/interlibSSO/goto/6/=06190596Z93/kcms/detail/detail.aspx?dbCode=cjfq&filename=JSJC1995S1035&dbname=CJFD9498
汽车车身三维产品模型的研究	计算机工程	1995	1995年S1期	【作者】 王明礼 ； 乔晓群 ； 【机构】 武汉市神龙汽车有限公司组织系统部!武汉430051 ； 华中理工大学汽车工程系 ；	汽车车身 ； 计算机辅助设计/计算机辅助制造 ； 三维产品模型 ； automobile body / CAD / CAM / 3D model of product ；	通过阐述产品定义数据类型,分析了汽车车身产品特点,提出了汽车车身产品定义模型。	1995年S1期_汽车车身三维产品模型的研究.pdf	http://sso.cdclib.org/interlibSSO/goto/6/=06190596Z93/kcms/detail/detail.aspx?dbCode=cjfq&filename=JSJC1995S1036&dbname=CJFD9498
基于插值的NURBS蒙皮技术	计算机工程	1995	1995年S1期	【作者】 王明礼 ； 孙芒 ； 【机构】 武汉市神龙汽车有限公司组织系统部、制造部!武汉430051 ；	计算机辅助设计 ； 非均匀有理B样条 ； 曲面插值 ； 蒙皮造型 ； CAD / NURBS / surface interpolating / skinning modelling ；	NURBS蒙皮方法是一种良好的交互式曲面设计方法。本文研究了基于NURBS曲面插值的蒙皮技术,提出了解决蒙皮构造中特殊情况的方法,并给出了蒙皮造型的实例。	1995年S1期_基于插值的NURBS蒙皮技术.pdf	http://sso.cdclib.org/interlibSSO/goto/6/=06190596Z93/kcms/detail/detail.aspx?dbCode=cjfq&filename=JSJC1995S1037&dbname=CJFD9498
3D散列点集构造光滑曲面新方法	计算机工程	1995	1995年S1期	【作者】 崔汉国 ； 胡瑞安 ； 【机构】 华中理工大学机械科学与工程学院!武汉430074 ； 中科院计算所CAD开放研究实验室!北京100080 ；	离散模型 ； 三角化 ； 计算几何 ； 曲面 ； 表面描述 ； discrete models / triangulation / computational geometry / curved surface / surface description ；	给出了一种3D散列点集构造光滑曲面的新方法:首先把3D散列点集向KoY坐标平面投影,然后将投影后得到的数据点进行2 1/2维Dclaunay三角化剖分,动态生成点集的三角形网格,使各数据点对整个光滑曲面的影响尽可能局部化、均匀化,进而在三角形域上构造出插值曲面片,相邻曲面片之间自动达到C 1 连续。	1995年S1期_3D散列点集构造光滑曲面新方法.pdf	http://sso.cdclib.org/interlibSSO/goto/6/=06190596Z93/kcms/detail/detail.aspx?dbCode=cjfq&filename=JSJC1995S1038&dbname=CJFD9498
光照模型的分布函数及其评估	计算机工程	1995	1995年S1期	【作者】 邹荣金 ； 【机构】 江苏理工大学计算机系!镇江212000 ；	光照模型 ； 浓淡效果 ； 模型分析 ； 真实感图形显示 ； illumination model / shading results / model analysis/ realistic graphics display. ；	介绍了一般浓淡光照模型的分析方法,通常评价一个光照模型是从直观上看其视觉效果,因此,需要一种方法来分析浓淡模型函数,以便预测到一个函数的光照效果,并在所使用的不同函数之间进行比较,同时根据所选择理论基础和实验的结果判断它们的正确性,文中阐述光照模型的分析方法及估测效果,用一种新的方法计算Fresnel函数的近似值,它较线性内插具有更高的逼真度。	1995年S1期_光照模型的分布函数及其评估.pdf	http://sso.cdclib.org/interlibSSO/goto/6/=06190596Z93/kcms/detail/detail.aspx?dbCode=cjfq&filename=JSJC1995S1039&dbname=CJFD9498
面向集成的特征造型CAD系统交互界面设计	计算机工程	1995	1995年S1期	【作者】 王春河 ； 张铁昌 ； 林巧 ； 【机构】 西北工业大学CAD/CAM研究中心710072 ； 西北工业大学10系 ；	交互接口 ； 图示化 ； 面向特征 ； 集成化 ； interactive user interface / graphics / featuer-based / integration ；	从CAD/CAM集成思想出发,认真分析了传统CAD系统在集成过程中存在的问题,提出了一个基于制造环境的CAD系统设计模式,并基于此设计了面向特征、具有工艺信息反馈和限制的CAD系统交互接口,它为设计者提供了一种自然、能反映所设计零件形状的可能加工方式和一定的加工工艺分析信息的交互界面,并具备了图示化等特点。	1995年S1期_面向集成的特征造型CAD系统交互界面设计.pdf	http://sso.cdclib.org/interlibSSO/goto/6/=06190596Z93/kcms/detail/detail.aspx?dbCode=cjfq&filename=JSJC1995S1040&dbname=CJFD9498
一个面向CAD的自动程序设计系统的实现	计算机工程	1995	1995年S1期	【作者】 刘方鑫 ； 刘厚泉 ； 王潜平 ； 【机构】 中国矿业大学自动化系!徐州221008 ；	自动程序设计 ； 规格说明 ； 自动转换 ； 知识库 ； automatic programming / specification / automatic transformation / knowledge base ；	对一个面向CAD的自动程序设计系统(CAPS)的功能和实现方法作了介绍。该系统采用转换与过程相结合的方法,实现了从规格说明语言GSL编写的软件规格说明(FML)到可执行程序的自动生成。讨论了规格说明语言GSL的定义和特点;用于语法检查的检测程序(SCAN)的功能;自动转换程序(AUP)的工作原理和实现方法;知识库的组成及其在自动转换中的作用。最后对该系统的特点作了简要说明。	1995年S1期_一个面向CAD的自动程序设计系统的实现.pdf	http://sso.cdclib.org/interlibSSO/goto/6/=06190596Z93/kcms/detail/detail.aspx?dbCode=cjfq&filename=JSJC1995S1041&dbname=CJFD9498
多边形填充的一种快速算法	计算机工程	1995	1995年S1期	【作者】 韩其睿 ； 李学明 ； 【机构】 天津纺织工学院纺织复合材料所!天津300160 ；	计算机绘图 ； 多边形填充 ； 算法 ； computer graphics / filling-polygon / algorithm ；	多边形填充是计算机绘图的一项重要内容,它在动画、阴影、地图绘制及剖面线等方面得到了广泛应用。由于多边形的边数往往很多,且填充线条很密,因此,采用比较有效的算法以减少计算时间是十分必要的。本文提出了一种多边形填充的快速算法。	1995年S1期_多边形填充的一种快速算法.pdf	http://sso.cdclib.org/interlibSSO/goto/6/=06190596Z93/kcms/detail/detail.aspx?dbCode=cjfq&filename=JSJC1995S1042&dbname=CJFD9498
机载雷达天线罩的智能CAD系统	计算机工程	1995	1995年S1期	【作者】 罗志军 ； 乔新 ； 【机构】 南京航空航天大学飞行器系!南京210016 ；	智能CAD ； CAD ； 天线罩 ； 设计过程 ； intelligent CAD / CAD / radomc / design process ；	为尽可能使用计算机参与工程设计过程,主要讨论了机载雷达天线罩的智能CAD问题。	1995年S1期_机载雷达天线罩的智能CAD系统.pdf	http://sso.cdclib.org/interlibSSO/goto/6/=06190596Z93/kcms/detail/detail.aspx?dbCode=cjfq&filename=JSJC1995S1043&dbname=CJFD9498
基于地形图的纹理映射算法	计算机工程	1995	1995年S1期	【作者】 徐青 ； 马东洋 ； 朱彩英 ； 【机构】 解放军测绘学院图形图像研究中心!郑州450052 ；	地形图 ； 纹理映射 ； 数字高程模型 ； 像素立体图 ； 矢量立体图 ； topographic  map /texture mapping/ digital  elevation  model  /pixels  stereo images /vectors stereo images ；	讨论了一种基于地形图的纹理映射算法,用以生成地形表面的三维图形。主要过程包括:地形数据的获取,景物空间、纹理空间、图像空间(屏幕空间)之间映射关系的确定,反混淆措施,光色效应处理等。最后给出了利用地形图资料所完成的实验结果以及结论。	1995年S1期_基于地形图的纹理映射算法.pdf	http://sso.cdclib.org/interlibSSO/goto/6/=06190596Z93/kcms/detail/detail.aspx?dbCode=cjfq&filename=JSJC1995S1044&dbname=CJFD9498
有向线目标的数字化	计算机工程	1995	1995年S1期	【作者】 朱彩英 ； 徐青 ； 【机构】 解放军测绘学院图形图像研究中心!郑州450052 ；	有向线 ； 数字化 ； 自动跟踪 ； directional & linear objects / digitising / automatic tracking ；	论述了地形图和其它工程图件上某些线目标数字化的一般方法,着重阐明了有向线目标扫描数字化的必要性和理论方法,并依据进一步的试验和生产应用情况验证了这种数字化方法的正确性。	1995年S1期_有向线目标的数字化.pdf	http://sso.cdclib.org/interlibSSO/goto/6/=06190596Z93/kcms/detail/detail.aspx?dbCode=cjfq&filename=JSJC1995S1045&dbname=CJFD9498
面向对象图形软件的图形操作方法及性能特点	计算机工程	1995	1995年S1期	【作者】 苗雪兰 ； 宋会群 ； 【机构】 河南大学计算机系!开封475001 ；	面向对象图形学 ； 图形操作 ； 方法模型 ； object-oriented graphics / graphi coperation / model of method ；	用面向对象的理论分析了图形操作的性能特点、图形的操作方法及约束条件。为进一步研究,建立面向对象的图形软件的设计方法和理论奠定了基础。	1995年S1期_面向对象图形软件的图形操作方法及性能特点.pdf	http://sso.cdclib.org/interlibSSO/goto/6/=06190596Z93/kcms/detail/detail.aspx?dbCode=cjfq&filename=JSJC1995S1046&dbname=CJFD9498
用遗传算法优化—维门阵列布局	计算机工程	1995	1995年S1期	【作者】 杨晓红 ； 刘乐善 ； 【机构】 华中理工大学计算机系!武汉430074 ；	互补型金属氧化物半导体 ； 门阵列布局 ； 遗传算法 ； CMOS / gate matrix layout / Genetic algorithm ；	介绍用遗传算法对门阵列布局设计进行优化的新方法。由于门阵列布局是一排列问题,传统的遗传杂交会导致门的重复,因此必须对传统的遗传算法进行修改。为了适合优化门阵列布局问题,这里使用了宽度搜索技术。用遗传算法得出的染色体建立门的相互排列邻接关系,宽度值用于限制搜索空间,使搜索更为有效。该算法的结果比基于图论的启发式计算效果更好。	1995年S1期_用遗传算法优化—维门阵列布局.pdf	http://sso.cdclib.org/interlibSSO/goto/6/=06190596Z93/kcms/detail/detail.aspx?dbCode=cjfq&filename=JSJC1995S1047&dbname=CJFD9498
过渡曲面及补曲面的设计	计算机工程	1995	1995年S1期	【作者】 高玮 ； 吴中奇 ； 童红卫 ； 【机构】 浙江大学CAD&CG国家重点实验室!杭州310027 ；	过渡曲面 ； 补曲面 ； 曲线素 ； skinning ； crossing curved surface / patching curved surface / line element / skinning ；	根据曲线张成曲面的特性,提出一个基于线索的skinging方法,这种方法能方便地进行外形构造,统一地解决过渡曲面和过渡曲面的拼接问题,且过渡曲面表达简单、易于控制、修改方便,是一种有实用价值的曲面设计方法。	1995年S1期_过渡曲面及补曲面的设计.pdf	http://sso.cdclib.org/interlibSSO/goto/6/=06190596Z93/kcms/detail/detail.aspx?dbCode=cjfq&filename=JSJC1995S1048&dbname=CJFD9498
推进网阵三角形网格生成和经验参数的理论估计	计算机工程	1995	1995年S1期	【作者】 李胡锡 ； 周持兴 ； 【机构】 上海交通大学高分子材料研究所!上海200240 ；	三角形网格 ； 推进网阵法 ； 光顺 ； triangular meshing/ advancirg front technique / smoothing ；	推进网阵方法是一种极其有效的网格自动生成方法。本文给出了三角形单元网格白动生成算法,重点讨论了一些经验参数对划分结果的影响。还给出了一些经验参数的理论范围。	1995年S1期_推进网阵三角形网格生成和经验参数的理论估计.pdf	http://sso.cdclib.org/interlibSSO/goto/6/=06190596Z93/kcms/detail/detail.aspx?dbCode=cjfq&filename=JSJC1995S1049&dbname=CJFD9498
产品数据标准STEP的方法论框架	计算机工程	1995	1995年S1期	【作者】 杨小虎 ； 何志均 ； 董金祥 ； 【机构】 浙江大学人工智能研究所!杭州310027 ；	STEP标准 ； 计算机集成制造系统 ； 方法论 ； 数据交换 ； STEP / CIMS / methodology / data exchange ；	国际标准化组织ISO正在开发的产品数据表达与交换标准STEP,为CIMS中的数据交换和信息集成提供了十分巫要的技术支持。由于STEP十分庞大,结构复杂,为深入掌握、有效利用STEP技术,提出了STEP的开发、应用和测试方法论,指明了应遵循的原则和步骤。	1995年S1期_产品数据标准STEP的方法论框架.pdf	http://sso.cdclib.org/interlibSSO/goto/6/=06190596Z93/kcms/detail/detail.aspx?dbCode=cjfq&filename=JSJC1995S1050&dbname=CJFD9498
无共享多处理机系统的并行连接算法	计算机工程	1995	1995年S1期	【作者】 李霖 ； 杨利 ； 周兴铭 ； 【机构】 国防科技大学计算机系研究生队!长沙410073 ；	并行数据库 ； 并行体系结构 ； 无共享 ； 连接 ； 分类—归并 ； Gracc散列 ； Hybrid散列 ； parallel databases/parallel architectures/Shared-Nothing/ join/sort-merge / Grace hash / Hybrid hash ；	在并行数据库中,各种关系操作,特别是连接(Join)操作的并行化一直是一个研究热点。一般认为,无共享(Shared-Nothing)结构是最适于超大规模并行数据库的并行体系结构。因此,本文主要介绍2种基于无共享多处理机系统的并行连接算法,对它们的性能作了比较,并指出在该领域仍存在的一些主要问题。	1995年S1期_无共享多处理机系统的并行连接算法.pdf	http://sso.cdclib.org/interlibSSO/goto/6/=06190596Z93/kcms/detail/detail.aspx?dbCode=cjfq&filename=JSJC1995S1051&dbname=CJFD9498
基于工作站群机的并行虚拟机PVM分析	计算机工程	1995	1995年S1期	【作者】 崔振乾 ； 吴中海 ； 叶澄清 ； 【机构】 浙江大学计算机系!杭州310027 ；	消息传递 ； 虚拟机 ； 任务 ； PVM服务器 ； 单程序多数据流(SPMD) ； TCP/IP ； message passing / virtual machine/ task /PVM daemon / single program multidata stream/ TCP/IP ；	PVM代表并行虚拟机即Parallel Virtual Machine,是一种基于工作站网络群机的异构并行软件环境,本文详细地分析了其体系结构、计算模型、内部实现机制、用户编程接口,并指出了它的应用前景及存在的缺陷。	1995年S1期_基于工作站群机的并行虚拟机PVM分析.pdf	http://sso.cdclib.org/interlibSSO/goto/6/=06190596Z93/kcms/detail/detail.aspx?dbCode=cjfq&filename=JSJC1995S1052&dbname=CJFD9498
一种基于并发程序设计的多媒体系统同步模型	计算机工程	1995	1995年S1期	【作者】 盛开 ； 金连甫 ； 【机构】 浙江大学计算机科学与工程系!杭州310027 ；	多媒体 ； 同步 ； 并发程序设计语言 ； ConcurrentC++ ； multimedia / synchronization / parallel-programing / Concurrent C++ ；	多媒体系统中各个媒介信息的同步是多媒体系统创作中的一个难题。本文用面向对象的方法提出一个模型,该模型基于一种并发程序设计语言-Concurrent C++,较好地解决了同步问题。	1995年S1期_一种基于并发程序设计的多媒体系统同步模型.pdf	http://sso.cdclib.org/interlibSSO/goto/6/=06190596Z93/kcms/detail/detail.aspx?dbCode=cjfq&filename=JSJC1995S1053&dbname=CJFD9498
用ERES-ET进行计算机设计验证	计算机工程	1995	1995年S1期	【作者】 彭澄廉 ； 孙健 ； 何勇强 ； 【机构】 复旦大学计等机科学系!上海200433 ；	硬件描述语言 ； 模拟 ； 设计验证 ； hardware description language / simulation / design verification ；	ERES-ET是复旦大学与华东计算技术研究所合作研制的计算机设计模拟验证环境。它已被用于数个新研制计算机的设计验证。典型的应用有,对上海交通大学研制的RISC-3JI微处理机的设计验证,以及对华北计算所研制的面向LISP语言的TJ-LISP计算机的设计验证．因验证过程大致相同,主要介绍RISC-3JI机的设计验证。	1995年S1期_用ERES-ET进行计算机设计验证.pdf	http://sso.cdclib.org/interlibSSO/goto/6/=06190596Z93/kcms/detail/detail.aspx?dbCode=cjfq&filename=JSJC1995S1054&dbname=CJFD9498
指针、内存模式与C编程的关系	计算机工程	1995	1995年S1期	【作者】 李跃华 ； 【机构】 南京化工学院自动化与计算机系!南京210009 ；	指针 ； 内存模式 ； 编程设计 ； C语言程序 ； pointer / memory model / programming / C language ；	论述了在做实际工程时,指针和内存模式与C编程的关系,提出了用户在进行编程设计时需要注意的问题。	1995年S1期_指针、内存模式与C编程的关系.pdf	http://sso.cdclib.org/interlibSSO/goto/6/=06190596Z93/kcms/detail/detail.aspx?dbCode=cjfq&filename=JSJC1995S1055&dbname=CJFD9498
超文本自动生成器MMHG的设计与实现	计算机工程	1995	1995年S1期	【作者】 吴海腾 ； 董金祥 ； 吴刚 ； 【机构】 浙江大学人工智能研究所!杭州310027 ；	超文本 ； 结点 ； 链 ； 导航 ； hypertext / node / link / navigation ；	超文本是一种管理多媒体信息的有效手段。结合一个多媒体超文本自动生成器MMHG,提出了超文本系统中结点和链的模型,论述了结点生成、链的组织和导航控制等技术。MMHG基于Compbell-Goodman的超文本模型,在SUN工作站上实现。	1995年S1期_超文本自动生成器MMHG的设计与实现.pdf	http://sso.cdclib.org/interlibSSO/goto/6/=06190596Z93/kcms/detail/detail.aspx?dbCode=cjfq&filename=JSJC1995S1056&dbname=CJFD9498
基于Multi-Transputer的物理场求解的并行算法	计算机工程	1995	1995年S1期	【作者】 尹朝庆 ； 【机构】 武汉交通科技大学计算机与自动化系!武汉430063 ；	多处理机系统 ； 并行处理 ； 并行算法 ； 网络拓扑 ； Multi-TransPuter系统 ； multiprocessor system / parallel processing / parallel algorithm / network topology / Multi-Transputer ；	Multi-Transputer是一种新型的分布式并行处理系统,它的非存储器共享和通信进程同步阻塞的结构特点对共并行算法优化设计有很大影响。本文以差分法求解物理场为例,分析了网络拓扑、任务分解和通信进程对Multi-Transputer的通信开销和并行算法优化设计的制约关系。	1995年S1期_基于Multi-Transputer的物理场求解的并行算法.pdf	http://sso.cdclib.org/interlibSSO/goto/6/=06190596Z93/kcms/detail/detail.aspx?dbCode=cjfq&filename=JSJC1995S1057&dbname=CJFD9498
可重构容错多机FMS控制系统YH-MCS	计算机工程	1995	1995年S1期	【作者】 莫倩 ； 窦文华 ； 肖刚 ； 杨阳 ； 【机构】 国防科技大学计算机系!长沙410073 ；	FMS控制系统 ； 可重构 ； 容错 ； 多机技术 ； control system for FMS / reconfigurable / fault tolerant / multiprocessor. ；	介绍了设计和实现可重构容错多机柔性制造控制系统YH—MCS的软硬件体系结构和技术特点。	1995年S1期_可重构容错多机FMS控制系统YH-MCS.pdf	http://sso.cdclib.org/interlibSSO/goto/6/=06190596Z93/kcms/detail/detail.aspx?dbCode=cjfq&filename=JSJC1995S1058&dbname=CJFD9498
汉语教学系统CTS的设计与实现	计算机工程	1995	1995年S1期	【作者】 王雍 ； 陈增武 ； 王泽兵 ； 【机构】 浙江大学计算机系软件所!杭州310027 ；	课件 ； 超文本 ； 单媒体对象 ； 链接 ； courseware / hypertext / sole-media object / link ；	CTS是一个针对以“语法—结构”为大纲,结合功能法教学的汉语教学策略实现的汉语教学系统。本文详细描述了CTS的课件库组织结构和对象管理机构的管理模型,并在此基础上介绍了CTS的设计与实现。	1995年S1期_汉语教学系统CTS的设计与实现.pdf	http://sso.cdclib.org/interlibSSO/goto/6/=06190596Z93/kcms/detail/detail.aspx?dbCode=cjfq&filename=JSJC1995S1059&dbname=CJFD9498
基于超文本多媒体技术的课件写作系统HMCAI的设计与实现	计算机工程	1995	1995年S1期	【作者】 黄蓉 ； 邹鹏 ； 【机构】 国防科技大学计算机系!长沙410073 ；	计算机辅助教学 ； 多媒体 ； 超文本 ； 课件 ； CAI/ multimedia / hypertext/ courseware ；	多媒体CAI是目前CAI研究的热点,本文讨论了运用超文本技术设计和开发多媒体课件写作系统的一般方法,介绍了基于超文本多媒体技术的课件写作系统(HMCAI)的系统模型及其面向对象的实现技术。	1995年S1期_基于超文本多媒体技术的课件写作系统HMCAI的设计与实现.pdf	http://sso.cdclib.org/interlibSSO/goto/6/=06190596Z93/kcms/detail/detail.aspx?dbCode=cjfq&filename=JSJC1995S1060&dbname=CJFD9498
光盘的应用研究	计算机工程	1995	1995年S1期	【作者】 蒋波 ； 裴先登 ； 唐勇 ； 【机构】 华中理工大学计算机系!武汉430074 ；	只读型光盘 ； 追记型光盘 ； 可重写光盘 ； CD-ROM/ WORM / rewritable optical disk ；	对三类光盘(CD-ROM、WORM和可重写光盘)的应用作了综述性的介绍,着重论述了可重写型光盘的应用范围和发展动态。	1995年S1期_光盘的应用研究.pdf	http://sso.cdclib.org/interlibSSO/goto/6/=06190596Z93/kcms/detail/detail.aspx?dbCode=cjfq&filename=JSJC1995S1061&dbname=CJFD9498
DES数据加密在RPC鉴别中的应用及其具体实现	计算机工程	1995	1995年S1期	【作者】 王子亮 ； 高传善 ； 【机构】 复旦大学计算机系!上海200433 ；	远程过程调用 ； DES数据加密 ； 用户鉴别 ； 鉴别柄 ； remote procedure call / data encryption standard / authentication / authentication handle. ；	远程过程调用(RPC)是一种高层通信机制,而RPC中的鉴别(authentication)则为这种高层通信机制的安全性提供了保障。鉴别有多种方式,其复杂的程度和安全性也不一样。本文详细讨论了DES这种加密算法在RPC鉴别中的应用及其具体实现。	1995年S1期_DES数据加密在RPC鉴别中的应用及其具体实现.pdf	http://sso.cdclib.org/interlibSSO/goto/6/=06190596Z93/kcms/detail/detail.aspx?dbCode=cjfq&filename=JSJC1995S1062&dbname=CJFD9498
面向分布式实时应用的紧要时间通信	计算机工程	1995	1995年S1期	【作者】 顾冠群 ； 丁心泉 ； 吴介一 ； 【机构】 东南大学计算机系!南京210096 ； 东南大学CIMS研究中心!南京210096 ；	计算机通信网络 ； 分布式实时应用 ； 紧要时间通信 ； 时间窗口 ； 报文损失 ； computer communication networks / distributed real-time applications / time-critical communication / time window / message loss ；	从紧要时间通信的基本概念入手,详细分析了紧要时间通信系统特性及其用户需求,并对紧要时间通信中的关键问题作了一些探讨。	1995年S1期_面向分布式实时应用的紧要时间通信.pdf	http://sso.cdclib.org/interlibSSO/goto/6/=06190596Z93/kcms/detail/detail.aspx?dbCode=cjfq&filename=JSJC1995S1063&dbname=CJFD9498
普通高校LAN网络系统之服务器及网络操作系统的选择模式	计算机工程	1995	1995年S1期	【作者】 李捷 ； 邓晓丽 ； 【机构】 广西农业大学计算中心!南宁530004 ； 广西大学机械系!南宁530004 ；	网络 ； 服务器 ； 网络操作系统 ； network / server / network operating systen ；	介绍厂普通高校组建计算机LAN网络的必要性和建网中所选服务器及网络操作系统,并引用实例进行说明。	1995年S1期_普通高校LAN网络系统之服务器及网络操作系统的选择模式.pdf	http://sso.cdclib.org/interlibSSO/goto/6/=06190596Z93/kcms/detail/detail.aspx?dbCode=cjfq&filename=JSJC1995S1064&dbname=CJFD9498
线性同余发生器的缺陷及其改进	计算机工程	1995	1995年S1期	【作者】 罗平 ； 【机构】 武汉交通科技大学基础部!武汉430063 ；	同余 ； 伪随机数 ； 均匀分布 ； congruency / pseudo-random number / uniform distribution ；	线性同余发生器使用普遍。本文指出由它生成的伪随机二维点集分布于有限条等距平行线上,并说明这种有缺陷的几何结构可通过组合法予以改进。	1995年S1期_线性同余发生器的缺陷及其改进.pdf	http://sso.cdclib.org/interlibSSO/goto/6/=06190596Z93/kcms/detail/detail.aspx?dbCode=cjfq&filename=JSJC1995S1065&dbname=CJFD9498
关于组合序列的周期	计算机工程	1995	1995年S1期	【作者】 罗平 ； 【机构】 武汉交通科技大学基础部!武汉430063 ；	模拟 ； 组合序列 ； 周期 ； simulation / combined sequence /period. ；	导出了组合序列周期的计算公式,说明了生成超长周期组合序列的具体方法。	1995年S1期_关于组合序列的周期.pdf	http://sso.cdclib.org/interlibSSO/goto/6/=06190596Z93/kcms/detail/detail.aspx?dbCode=cjfq&filename=JSJC1995S1066&dbname=CJFD9498
磁光盘脉宽调制读出信号及均衡处理的仿真	计算机工程	1995	1995年S1期	【作者】 唐勇 ； 裴先登 ； 【机构】 华中理工大学计算计系!武汉430074 ；	光记录 ； 脉冲宽度调制 ； 均衡器 ； 码间干扰 ； 仿真 ； optical  recoding / pulse-width-modulation  equalization / intersymbolintereference/ simulation ；	建立了磁光盘“泪滴状”记录区域的读出模型和COS均衡处理的数学模型,讨论记录区域参数对读出波形的影响及均衡器参数的最佳组合。	1995年S1期_磁光盘脉宽调制读出信号及均衡处理的仿真.pdf	http://sso.cdclib.org/interlibSSO/goto/6/=06190596Z93/kcms/detail/detail.aspx?dbCode=cjfq&filename=JSJC1995S1067&dbname=CJFD9498
CIMS的建模和并行动画仿真	计算机工程	1995	1995年S1期	【作者】 蒋涛 ； 姚宇明 ； 徐毓良 ； 【机构】 浙江大学国家CAD&CG重点实验室!杭州310027浙江大学人工智能研究所杭州310027 ；	CIMS ； petri网 ； 并行 ； 建模 ； Client/Server ； CIMS / Petri net / parallel / modelling / client / server ；	具体讨论一个为CIMS的运行进行图形仿真服务的并行智能仿真模型,并基于Petri网理论实现了该模型,最终规划生成CIMS环境中各工作单元的并发驱动数据流,提交给图形显示模块作并行动画演示。这一设计思路已在SUN Sparc机器上用C语言完成,有效地反映了CIMS环境中各工作单元的运行情况。	1995年S1期_CIMS的建模和并行动画仿真.pdf	http://sso.cdclib.org/interlibSSO/goto/6/=06190596Z93/kcms/detail/detail.aspx?dbCode=cjfq&filename=JSJC1995S1068&dbname=CJFD9498
动态电阻应变仪接口软件的开发	计算机工程	1995	1995年S1期	【作者】 许炳楠 ； 姜朴 ； 李文杰 ； 【机构】 河海大学计算机系!南京210024 ；	电阻应变仪 ； 接口 ； 数据采集 ； 软件工程 ； 中断 ； resistance strain instrument / interface / data acquisition / software engineering / interupt ；	介绍一个以PC微型机为核心的动态电阻应变接口软件的开发。开发过程遵循软件工程的原则。在认真进行需求分析和系统结构设计的基础上进行程序设计编程。系统功能以定时数据采集为核心,灵活配置用户所需要的各种功能处理模块。采用以下拉式菜单为主体的产品包装技术。	1995年S1期_动态电阻应变仪接口软件的开发.pdf	http://sso.cdclib.org/interlibSSO/goto/6/=06190596Z93/kcms/detail/detail.aspx?dbCode=cjfq&filename=JSJC1995S1069&dbname=CJFD9498
计算机在数控切割机及机床上的应用	计算机工程	1995	1995年S1期	【作者】 李东 ； 陈晓琪 ； 【机构】 陕西榆林高等专科学校计算中心!榆林719000 ； 第二重型机械集团公司!四川德阳市618013 ；	数控机床 ； 数控火焰切割机 ； 工艺编程 ； 工艺指令 ； 编译 ； 后置处理 ； numeral  control machine tools/numeral  control flame  cut  machine/technical program / technical order / compile / later processing ；	在介绍计算机在数控机床上应用的同时,着重介绍了能为所有数控机床实现自动编程的HZAPT一11白动编程系统,这不仅适用于现有数控机床编程的需要,而且为各类数控机床提供了较好的编程服务。	1995年S1期_计算机在数控切割机及机床上的应用.pdf	http://sso.cdclib.org/interlibSSO/goto/6/=06190596Z93/kcms/detail/detail.aspx?dbCode=cjfq&filename=JSJC1995S1070&dbname=CJFD9498
机载计算机验证测试研究	计算机工程	1995	1995年S1期	【作者】 于民 ； 【机构】 中国航空计算技术研究所!西安710068 ；	机载计算机 ； 验证测试 ； 自动测试设备 ； airborne computer / validation testing / ATE. ；	研究了机载计算机系统验证测试理论,设计了一种自动测试设备。	1995年S1期_机载计算机验证测试研究.pdf	http://sso.cdclib.org/interlibSSO/goto/6/=06190596Z93/kcms/detail/detail.aspx?dbCode=cjfq&filename=JSJC1995S1071&dbname=CJFD9498
X射线衍射仪控制机软盘与PC机兼容的实现	计算机工程	1995	1995年S1期	【作者】 许炳楠 ； 殷士龙 ； 康正海 ； 蒋宗文 ； 【机构】 河海大学计算机系!南京210024 ；	控制机 ； 软盘 ； 兼容 ； 软盘基数表 ； controller/ floppy/compatibility / diskette parameter table ；	介绍如何将一引进设备的控制机软盘转换为PC机所支持的软盘及其编程实现,以提高设备利用率和缩短实验周期。文中的原理分析与实现方法对于异种机之间软盘兼容的研究,具有一定借鉴意义。	1995年S1期_X射线衍射仪控制机软盘与PC机兼容的实现.pdf	http://sso.cdclib.org/interlibSSO/goto/6/=06190596Z93/kcms/detail/detail.aspx?dbCode=cjfq&filename=JSJC1995S1072&dbname=CJFD9498
大型水电工程防洪调度自动化系统设计策略	计算机工程	1995	1995年S1期	【作者】 胡吉明 ； 周晓峰 ； 董利川 ； 严亚芳 ； 【机构】 河海大学计算机系!南京210098 ； 河海大学水利发电工程系!南京210098 ；	多机集群 ； 分布式处理 ； 防洪调度 ； 开放式体系结构 ； clustering / distributed processing / flood control / open system interconnect ；	大型水利水电工程防洪调度为一综合复杂系统,基于多机集群的计算环境,比较适合这一类重点工程的特殊要求,既实行集中式控制,又进行分布式处理,系统规模灵活可伸缩,维护方便。	1995年S1期_大型水电工程防洪调度自动化系统设计策略.pdf	http://sso.cdclib.org/interlibSSO/goto/6/=06190596Z93/kcms/detail/detail.aspx?dbCode=cjfq&filename=JSJC1995S1073&dbname=CJFD9498
自动会议安排系统GKD-SCHEDULE的设计与实现	计算机工程	1995	1995年S1期	【作者】 贾焰 ； 高洪奎 ； 王怀民 ； 【机构】 国防科技大学计算机系!长沙410073 ；	客户机/服务器计算 ； 合作问题求解 ； 人工智能 ； 语言 ； 窗口界面 ； Client / Server compuing / cooperative computing / AI language / interface of windows ；	合作问题求解是当今计算机领域的热门课题,合作规划系统是其典型的应用之一。基于Client/Server的计算模型,采用AI语音集成环境GKD-CSE。详细讨论了GKD-SCHEDULE系统的设计思想和实现技术。	1995年S1期_自动会议安排系统GKD-SCHEDULE的设计与实现.pdf	http://sso.cdclib.org/interlibSSO/goto/6/=06190596Z93/kcms/detail/detail.aspx?dbCode=cjfq&filename=JSJC1995S1074&dbname=CJFD9498
分布式监测系统中的事件流描述语言的设计	计算机工程	1995	1995年S1期	【作者】 陈波 ； 彭澄廉 ； 王海洪 ； 刘宏亮 ； 【机构】 复旦大学计算机科学系!上海200433 ；	并行及分布式监测系统 ； 事件驱动技术 ； 面向问题的分析 ； parallel and distributed monitoring system / event-drived method / problem-oriented analysis ；	事件流描述语言是复旦大学研制的并行分布式计算机监测系统的一部分。为实现系统的通用性(即独立于监测目标与监测方法),设计了测量数据的通用逻辑结构;为支持面向问题的源相关性并提高系统的运行效率,设计了事件流描述语言,用以描述测量数据的逻辑结构,再对该描述文件进行编译,产生了一个二进制访问键文件。该访问键文件通过一个统一的函数接口与系统的分析评估工具相连,具有有效支持监测系统的通用性、面向问题、模块化及易扩充等优点。	1995年S1期_分布式监测系统中的事件流描述语言的设计.pdf	http://sso.cdclib.org/interlibSSO/goto/6/=06190596Z93/kcms/detail/detail.aspx?dbCode=cjfq&filename=JSJC1995S1075&dbname=CJFD9498
分布式监测系统ZM4/SIMPLEW及其在PC-智能工作站上的应用	计算机工程	1995	1995年S1期	【作者】 陈波 ； 刘宏亮 ； 彭澄廉 ； 【机构】 复旦大学计算机科学系!上海200433 ；	混合监测 ； 事件驱动监测 ； 性能评估 ； 调试 ； 修改 ； FD－PROLOG语言 ； hybrid monitoring / event-driven monitoring / performance evaluation / debugging / tuning/FD-PROLOG ；	ZM4/SIMPLEW是复旦大学研制的、对并行分布式程序的性能进行分析的分布式监测系统,该系统采用的是事件驱动的混合监测技术。本文描述了分布式结构的硬件监测系统ZM4和一个对事件流进行分析评估的软件系统SIMPLEW。作为该监测和评估系统的一个实际应用,我们对基于FD-PROLOG语言的PC-智能工作站进行了监测、分析,提高了该系统的运行效率。	1995年S1期_分布式监测系统ZM4+SIMPLEW及其在PC-智能工作站上的应用.pdf	http://sso.cdclib.org/interlibSSO/goto/6/=06190596Z93/kcms/detail/detail.aspx?dbCode=cjfq&filename=JSJC1995S1076&dbname=CJFD9498
《计算机工程》简介	计算机工程	1995	1995年S1期	【机构】 《计算机工程》编辑部 ；	计算机工程 ； 计算技术研究所 ； 计算机界 ； 期刊评比 ； 科技期刊 ； 大专院校教师 ； 学会会刊 ； 期刊类 ； 邮发代号 ； 科学院系统 ；	<正>《计算机工程》是华东计算技术研究所主办的学术性刊物,是上海市计算机学会会刊。它创刊于1975年,向国内外公开发行,并与国外进行交流。读者遍布全国各个省市,是我国计算机界受欢迎的刊物之一。	1995年S1期_《计算机工程》简介.pdf	http://sso.cdclib.org/interlibSSO/goto/6/=06190596Z93/kcms/detail/detail.aspx?dbCode=cjfq&filename=JSJC1995S1077&dbname=CJFD9498
二维不规则形状计算机自动排料系统CATLS的研究与设计	计算机工程	1995	1995年06期	【作者】 罗为 ； 【机构】 北京图形研究所 ；	自动排料 ； 优化布局 ； 问题求解 ； 状态空间 ； 启发式搜索 ；	讨论了二维不规则形状计算机自动排料系统ＣＡＴＬＳ的思想和实现技术，介绍了系统的组成、数据结构及工作过程，并针对所提出的自动排料算法进行了深入的探讨和研究。	1995年06期_二维不规则形状计算机自动排料系统CATLS的研究与设计.pdf	http://sso.cdclib.org/interlibSSO/goto/6/=06190596Z93/kcms/detail/detail.aspx?dbCode=cjfq&filename=JSJC506.000&dbname=CJFD9498
设备平面配置中处理碰撞问题的算法	计算机工程	1995	1995年06期	【作者】 张法荣 ； 【机构】 暨南大学计算机系 ；	自动设计 ； 计算机辅助设计 ； 算法 ；	工艺厂房自动设计的一个技术难点是设备在各楼层中的自动配置问题。本文研究的是在给定的有限平面Ｐ中放入Ｎ台大小不同的设备后，（１）检查设备之间、设备与Ｐ边界之间是否存在碰撞（碰撞检测问题）；（２）如果存在碰撞，则如何消除（避碰算法问题）。	1995年06期_设备平面配置中处理碰撞问题的算法.pdf	http://sso.cdclib.org/interlibSSO/goto/6/=06190596Z93/kcms/detail/detail.aspx?dbCode=cjfq&filename=JSJC506.001&dbname=CJFD9498
CAD图形数据库中特征关系和约束关系的自动识别和提取	计算机工程	1995	1995年06期	【作者】 李雷 ； 欧宗瑛 ； 袁波 ； 【机构】 大连理工大学机械工业系 ；	参数化CAD ； 约束关系 ； 识别及提取 ；	讨论了包含约束关系的参数化ＣＡＤ模型数据库及数据结构，研究了对常规ＣＡＤ系统提供的原型图样中的图素间关系和约束联系自动识别和提取，介绍了识别和提取的软件实现及其在参数驱动系统中的应用。	1995年06期_CAD图形数据库中特征关系和约束关系的自动识别和提取.pdf	http://sso.cdclib.org/interlibSSO/goto/6/=06190596Z93/kcms/detail/detail.aspx?dbCode=cjfq&filename=JSJC506.002&dbname=CJFD9498
证券业中的电脑网络系统	计算机工程	1995	1995年06期	【作者】 徐仁茂 ； 【机构】 上海虹桥电脑科技服务公司 ；	证券 ； 电脑网络 ； 电脑网络应用 ；	论述证券公司电脑网络的特点，信息流程和设备配置，网络设计应注意的问题，并给出一个具体的网络结构和布局。	1995年06期_证券业中的电脑网络系统.pdf	http://sso.cdclib.org/interlibSSO/goto/6/=06190596Z93/kcms/detail/detail.aspx?dbCode=cjfq&filename=JSJC506.003&dbname=CJFD9498
证券商计算机网络系统的规划与设计	计算机工程	1995	1995年06期	【作者】 刘轶 ； 雷斌 ； 马剑虹 ； 【机构】 西安交通大学计算机系 ； 西安市泰伦计算机技术研究所 ；	计算机局域网络 ； 证券商 ； 金融 ；	介绍了证券商计算机网络系统的基本组成、特点及设计要点，并讨论了提高网络有效带宽的方法。	1995年06期_证券商计算机网络系统的规划与设计.pdf	http://sso.cdclib.org/interlibSSO/goto/6/=06190596Z93/kcms/detail/detail.aspx?dbCode=cjfq&filename=JSJC506.004&dbname=CJFD9498
金卡工程与标准化	计算机工程	1995	1995年06期	【作者】 王家增 ； 【机构】 华东计算技术研究所 ；	金卡工程 ； 标准化 ； 自动柜员机 ； 信用卡 ；	叙述了金卡工程建设的目标、标准化定义，强调金卡工程标准化的重要性，并从技术和管理两个方面详细介绍了金卡工程标准化内容，最后指出金卡工程标准化工作应遵循的原则．	1995年06期_金卡工程与标准化.pdf	http://sso.cdclib.org/interlibSSO/goto/6/=06190596Z93/kcms/detail/detail.aspx?dbCode=cjfq&filename=JSJC506.005&dbname=CJFD9498
不同数据库环境中数据互用问题的探讨	计算机工程	1995	1995年06期	【作者】 顾进 ； 【机构】 大港油田通信公司信息中心 ；	关系数据库 ； 数据互用 ； 网络 ； 嵌入式SQL ； 宿主语言 ；	重点介绍了两种典型数据库ＤＢＡＳＥ／ＦＰＸ与ＯＲＡＣＬＥ之间的数据互用技术。这种互用技术需要网络和嵌入式ＳＱＬ的支持。这一技术可在国内众多的拥有ＤＢＡＳＥ／ＦＯＸ与ＯＲＡＣＥ的用户中推广使用，其应用可大大提高工效。事实上，本文所述方法对支持ＳＱＬ语言的任何ＲＤＢＭＳ产品都是适用的。	1995年06期_不同数据库环境中数据互用问题的探讨.pdf	http://sso.cdclib.org/interlibSSO/goto/6/=06190596Z93/kcms/detail/detail.aspx?dbCode=cjfq&filename=JSJC506.006&dbname=CJFD9498
ER　Builder：一个开发数据库应用系统概念模型的有力工具	计算机工程	1995	1995年06期	【作者】 林振 ； 盛浩林 ； 【机构】 华东理工大学计算机科学系 ；	实体－联系模型 ； 实体－联系图 ； 概念模型 ；	阐述了一个用以开发数据库应用系统概念模型的实用工具（名叫ＥＲＢｕｉｌｄｅｒ）。ＥＲＢｕｉｌｄｅｒ基于我们提出的一种扩展实体一联系模型，该模型不仅支持实体的泛化（ｇｅｎｅｒａｌｉｚａｔｉｏｎ）和集聚（ａｇｇｒｅｇａｔｉｏｎ），而且引入多层实体一联系图机制。ＥＲＢｕｉｌｄｅｒ还提供了友好易用的图形用户界面。用ＥＲＢｕｉｌｄｅｒ设计数据库应用系统的概念模型，能大大提高概念模型的质量，减少设计时间和费用。	1995年06期_ER　Builder：一个开发数据库应用系统概念模型的有力工具.pdf	http://sso.cdclib.org/interlibSSO/goto/6/=06190596Z93/kcms/detail/detail.aspx?dbCode=cjfq&filename=JSJC506.007&dbname=CJFD9498
面向对象数据库查询语言EOSQL及其实现	计算机工程	1995	1995年06期	【作者】 温长城 ； 陈奇 ； 俞瑞钊 ； 【机构】 浙江大学人工智能研究所 ；	面向对象数据库 ； 路径 ； 查询 ； 分布式系统 ；	从面向对象数据库模型出发，给出定位数据库对象空间中一批对象的路径及其组成分析；基于此提出了有效的对象查询语言ＥＯＳＱＬ，并介绍怎样实现（尤其是分布式环境中实现）和优化、ＥＯＳＱＬ的主要数据结构、关键性的算法。	1995年06期_面向对象数据库查询语言EOSQL及其实现.pdf	http://sso.cdclib.org/interlibSSO/goto/6/=06190596Z93/kcms/detail/detail.aspx?dbCode=cjfq&filename=JSJC506.008&dbname=CJFD9498
分布式系统中自然联结的优化算法分析	计算机工程	1995	1995年06期	【作者】 叶衍 ； 楼荣生 ； 何永保 ； 【机构】 复旦大学计算机科学系 ；	自然联结 ； 主存缓冲区 ； Hash排序 ； I／O开销 ；	讨论了几种提高自然联结效率的算法。并比较了它们的效率和性能，其中包括经典的Ｍｅｒｇｅ－ｓｃａｎ算法，Ｎｅｓｔｅｄ算法，Ｈａｓｈ－ｊｏｉｎ算法，以及改进的ＪＭ１，ＪＭ２算法，Ｄｉｓｔｒｉｂｕｔｉｖｅｊｏｉｎ算法，ＪｏｉｎＦｒａｇｍｅｎｔａｔｉｏｎ算法，ＧＲＡＣＥＨａｓｈ－ｊｏｉｎ算法和ＨｙｂｒｉｄＨａｓｈ－ｊｏｉｎ算法。这些算法没有绝对的优势，在具体的应用环境下，可根据实际情况采用最合适的优化算法。	1995年06期_分布式系统中自然联结的优化算法分析.pdf	http://sso.cdclib.org/interlibSSO/goto/6/=06190596Z93/kcms/detail/detail.aspx?dbCode=cjfq&filename=JSJC506.009&dbname=CJFD9498
利用遗传算法自动生成模糊规则	计算机工程	1995	1995年06期	【作者】 顾林跃 ； 干萌 ； 张立明 ； 【机构】 复旦大学电子工程系 ；	遗传算法 ； 染色体 ； 基因 ； 适合度 ； 选择 ； 交叉 ； 变异 ；	提出一种自动生成模糊规则的新方法．该方法在没有任何先验知识（如专家知识）以及样本数据很少的情况下，利用遗传算法依据预定的控制目标直接从实际系统或系统模型中生成全局较优的控制规则。该方法有效地利用了遗传算法的适应性与有效性，能广泛适应于各种非线性系统的模糊规则的自动生成。以典型的非线性系统模型－例摆为例，介绍利用遗传算法自动生成规则的具体过程。最后给出了仿真结果，表明了本方法的可行性与有效性。	1995年06期_利用遗传算法自动生成模糊规则.pdf	http://sso.cdclib.org/interlibSSO/goto/6/=06190596Z93/kcms/detail/detail.aspx?dbCode=cjfq&filename=JSJC506.010&dbname=CJFD9498
一种GBN与SR相结合的ARQ协议的Pr／T网描述与验证	计算机工程	1995	1995年06期	【作者】 周奕 ； 吴时霖 ； 【机构】 复旦大学计算机系 ；	自动重发请求协议 ； 谓词／变迁网 ； 描述 ； 验证 ；	提出了一种退后Ｎ帧（ＧＢＮ）与选择性重发（ＳＲ）策略相结合的自动重发请求（ＡＲＱ）协议，它的特点是接收方窗口大小为ｆ，即具有能容纳ｆ个码字的接收缓冲器Ｂ’和有ｆ位的移位寄存器ＲＥＧ。并给出了该协议的谓词／变迁Ｐｅｔｒｉ网（Ｐｒ／Ｔ网）描述和验证，说明了协议无死锁，数据传输不会丢失、重复或失序。	1995年06期_一种GBN与SR相结合的ARQ协议的Pr／T网描述与验证.pdf	http://sso.cdclib.org/interlibSSO/goto/6/=06190596Z93/kcms/detail/detail.aspx?dbCode=cjfq&filename=JSJC506.011&dbname=CJFD9498
LAPD协议的Petri网描述与验证	计算机工程	1995	1995年06期	【作者】 吴克 ； 周正康 ； 【机构】 复旦大学计算机科学系 ；	LAPD协议 ； Petri网 ； 可达树 ； S－不变量 ；	我们利用Ｐｅｔｒｉ网描述协议的方法，对ＬＡＰＤ协议的连接建立过程进行了形式描述，然后对ＬＡＰＤ协议的有界性、活性和保守性等性质进行了验证。	1995年06期_LAPD协议的Petri网描述与验证.pdf	http://sso.cdclib.org/interlibSSO/goto/6/=06190596Z93/kcms/detail/detail.aspx?dbCode=cjfq&filename=JSJC506.012&dbname=CJFD9498
分布式计算机系统（DCS）负载平衡算法20年	计算机工程	1995	1995年06期	【作者】 钟志伟 ； 王广芳 ； 赵先武 ； 【机构】 国防科技大学计算机系 ；	分布式计算机系统 ； 负载平衡 ； 任务迁移 ； 常规系统 ； 实时系统 ；	首先分析了在分布式计算机系统上实现负载平衡的难点及要求，然后着重探讨２０年来的各种基于常规分布式系统的负载平衡方法，并对分布式实现时系统的负载平衡作了简单介绍。	1995年06期_分布式计算机系统（DCS）负载平衡算法20年.pdf	http://sso.cdclib.org/interlibSSO/goto/6/=06190596Z93/kcms/detail/detail.aspx?dbCode=cjfq&filename=JSJC506.013&dbname=CJFD9498
基于MCS8098的容错计算机系统	计算机工程	1995	1995年06期	【作者】 范万春 ； 孙煜 ； 徐志恒 ； 【机构】 西北核技术研究所 ；	冗余 ； 容错 ； 同步处理 ； 表决器 ； 故障检测与恢复 ；	介绍一台采用硬件冗余组成的ＴＭＲ－ＢＩＴＥ结构的高可靠性容错计算机系统－ＳＣＦＴ－９８的系统设计，系统中三模采用各自独立的时钟，实现系统的任务级同步；采用模块化设计，系统能自动诊断、定位故障，并具有逐步降级的能力。	1995年06期_基于MCS8098的容错计算机系统.pdf	http://sso.cdclib.org/interlibSSO/goto/6/=06190596Z93/kcms/detail/detail.aspx?dbCode=cjfq&filename=JSJC506.014&dbname=CJFD9498
计算机与通信相结合的典型－PDA	计算机工程	1995	1995年06期	【作者】 雨百 ；	PDA ； 掌上型 ； 移动计算 ； 双向无线通信 ； 发展潜力 ； 无线通信服务 ； 通信技术 ； 无线寻呼机 ； 无线通信设备 ； 蜂窝电话 ；	计算机与通信相结合的典型－ＰＤＡＰＤＡｒｐｅｒｓｏｎａｌＤｉｇｉｔａｌＡｓｓｉｓｔａｎｔ）是一种掌上型多功能ＰＣ，是当前全球移动计算市场中最具有发展潜力的产品。归纳起来，ＰＤＡ具有以下特点：（１）具有ＰＣ功能；（２）电池供电Ｚ（３）采用ＬＣＤ屏幕；（...	1995年06期_计算机与通信相结合的典型－PDA.pdf	http://sso.cdclib.org/interlibSSO/goto/6/=06190596Z93/kcms/detail/detail.aspx?dbCode=cjfq&filename=JSJC506.015&dbname=CJFD9498
Z语言模式正确性的检验	计算机工程	1995	1995年05期	【作者】 陈晶 ； 朱关铭 ； 童頫 ； 【机构】 上海大学计算机系 ；	规格说明 ； 模式 ； 完全性 ； 一致性 ； 冗余性 ； 类型检查 ；	软件规格说明的正确性是最终目标代码正确性的关键。本文从完全性、一致性、冗余性和类型检查四个方而对Ｚ语言规格说明加以检验，使能尽早发现错误、提高软件正确性、降低开发开销。	1995年05期_Z语言模式正确性的检验.pdf	http://sso.cdclib.org/interlibSSO/goto/6/=06190596Z93/kcms/detail/detail.aspx?dbCode=cjfq&filename=JSJC505.000&dbname=CJFD9498
开放式犯规提交协议	计算机工程	1995	1995年05期	【作者】 董小洁 ； 夏宽理 ； 【机构】 复旦大学计算机系 ；	失职 ； 犯规 ； 开放式系统 ； 协调者 ； 参加者 ；	推出了可以忍受任意数目的可信结点的失职和不可信结点的失职或犯规的一族２ＰＣ协议，它们保证参与事务的（至少是）可信结点一致地终止事务，因此称为开放式犯规提交协议。	1995年05期_开放式犯规提交协议.pdf	http://sso.cdclib.org/interlibSSO/goto/6/=06190596Z93/kcms/detail/detail.aspx?dbCode=cjfq&filename=JSJC505.001&dbname=CJFD9498
基于思维方式的软件开发	计算机工程	1995	1995年05期	【作者】 吴永辉 ； 【机构】 华东师范大学计算机科学系 ；	实体模型 ； 面向对象模型 ； 半序 ； 繁殖，社会 ；	给出一个用于软件开发的实验性原则ＷＹＨ系统，该系统通过将两向对象的分析与设计同思维方式相结合来分析需求和设计软件，并采用分层次的功能结构图、而向对象图、操作图、类层次图和规范说明语言ＯＯＬＯ作为开发人员与用户的媒介。	1995年05期_基于思维方式的软件开发.pdf	http://sso.cdclib.org/interlibSSO/goto/6/=06190596Z93/kcms/detail/detail.aspx?dbCode=cjfq&filename=JSJC505.002&dbname=CJFD9498
BC＋＋4．0对Windows消息事件的处理及实现	计算机工程	1995	1995年05期	【作者】 阳道善 ； 【机构】 华中理大学机械学院数控研究所 ；	Borland ； C＋＋4．0 ； ObjectWindows2．0 ； 消息事件响应表 ； Windows3．1 ； 消息 ； 对象 ；	ＢＣＯｂｊｅｃｔＷｉｎｄｏｗｓ２．０对Ｗｉｎｄｏｗｓ消息事件的处理不再采用动态下标派遣，而是采用消息事件响应表机制。本文详细讨论了该机制的处理过程及其实现过程．	1995年05期_BC＋＋4．0对Windows消息事件的处理及实现.pdf	http://sso.cdclib.org/interlibSSO/goto/6/=06190596Z93/kcms/detail/detail.aspx?dbCode=cjfq&filename=JSJC505.003&dbname=CJFD9498
面向对象高性能存储器管理	计算机工程	1995	1995年05期	【作者】 卢映芳 ； 徐公权 ； 【机构】 复旦大学计算机系 ；	面向对象 ； 高速缓存器 ； 伙伴算法 ； 存储器管理 ；	高性能面向对象（ｏｂｊｅｃｔｏｒｉｅｎｔｅｄ）存储器管理方法运用专用控制器ＡＳＩＣ对两级高速缓存器ｃａｃｈｅ进行管理，将中央处理机ＣＰＵ从对象地址转换和活跃对象管理的负担中解除出来．这一设计适用于高性能工作站和其他ＯＯＰ（ＯｂｊｅｃｔＯｒｉｅｎｔｅｄＰｒｏｇｒａｍｍｉｎｇ）环境．在两级高速缓冲存储器ｃａｃｈｅ和动态随机存取存储器ＤＲＡＭ的配置下，硬件能以低于２０ｎｓ的存取周期存取对象数据（包括上下限检查和保护检查）．由硬件实现伙伴算法的情况下，对象能以低于５００ｎｓ的存取周期被分配或释放．	1995年05期_面向对象高性能存储器管理.pdf	http://sso.cdclib.org/interlibSSO/goto/6/=06190596Z93/kcms/detail/detail.aspx?dbCode=cjfq&filename=JSJC505.004&dbname=CJFD9498
面向对象软件系统的测试	计算机工程	1995	1995年05期	【作者】 丁宝康 ； 陈莹 ； 【机构】 复旦大学计算机科学系 ；	软件开发 ； 软件测试 ； 面向对象 ；	介绍面向对象软件系统的测试过程，涉及类的测试、集成测试、测试实例的继承性和测试计划的安排．	1995年05期_面向对象软件系统的测试.pdf	http://sso.cdclib.org/interlibSSO/goto/6/=06190596Z93/kcms/detail/detail.aspx?dbCode=cjfq&filename=JSJC505.005&dbname=CJFD9498
人体表面损伤面积的交互式检测系统	计算机工程	1995	1995年05期	【作者】 岳东剑 ； 宣国荣 ； 【机构】 同济大学计算机系 ；	图像处理 ； 表面积计算 ； 图像扫描 ；	通过对人体表面损伤面积检测问题的分析，提出了一个能比较客观和科学地进行损伤面积检测的方法．首先将人体表面损伤的轮廓描绘下来，再将其经扫描仪输入计算机，然后采用图像处理的有关方法对扫描输入的图像进行处理，最后计算其有效包络内的面积．	1995年05期_人体表面损伤面积的交互式检测系统.pdf	http://sso.cdclib.org/interlibSSO/goto/6/=06190596Z93/kcms/detail/detail.aspx?dbCode=cjfq&filename=JSJC505.006&dbname=CJFD9498
三维实体布局中改进局部最优解的冲突决策方法	计算机工程	1995	1995年05期	【作者】 戴佐 ； 查建中 ； 【机构】 天津大学机械系智能工程研究室 ；	三维实体布局 ； 局部最优解 ； 冲突决策 ；	利用博弈论中冲突决策的思想实现了三维实体布局从一个局部最优解向另一个更好的局部最优解跳跃的算法，部分克服用了统优化算法的主要瓶颈一局部最优陷井的问题．理论分析及实例计算表明，当布局问题陷入某一局部最优解时，该算法利用冲突决策策略能有效地使其跳入另一个更好的局部最优点上．通过一系列这样的跳跃，最终使布局问题获得一个高质量的解．	1995年05期_三维实体布局中改进局部最优解的冲突决策方法.pdf	http://sso.cdclib.org/interlibSSO/goto/6/=06190596Z93/kcms/detail/detail.aspx?dbCode=cjfq&filename=JSJC505.007&dbname=CJFD9498
工艺路线综合决策算法初探	计算机工程	1995	1995年05期	【作者】 王立明 ； 王东伟 ； 刘晓刚 ； 李寅年 ； 【机构】 河北唐山大学机械系 ；	计算机辅助工艺设计 ； 二叉排序树 ； 中序遍历 ；	研究了排序知识的表达和组织结构，给出工零件工艺路线有序集合的表达式，提出了工艺路线综合决策算法概念．采用二叉排序树的方法，调用相应的排序知识，建立了工艺决策二叉树．经中序遍历后，可得到较为合理的工艺路线。决策过程便于计算机存储，有利于解释排序过程．	1995年05期_工艺路线综合决策算法初探.pdf	http://sso.cdclib.org/interlibSSO/goto/6/=06190596Z93/kcms/detail/detail.aspx?dbCode=cjfq&filename=JSJC505.008&dbname=CJFD9498
基于元特征的联想记忆神经网络	计算机工程	1995	1995年05期	【作者】 吴福朝 ； 张铃 ； 【机构】 安徽大学人工智能研究所 ；	元特征 ； 联想记忆 ； 神经网络 ；	本文作为研究神经元网络实现理解式记忆与联想总课题的一个组成部分，主要集中讨论基于元特征的联想记忆网络．利用我们在文献［２］中给出的ＦＰ学习和综合算法思想，建立此种网络模型．它与文献［２］中的聚类网络组合起来，可实现人类在求解复杂问题时所使用的分层递阶技术．	1995年05期_基于元特征的联想记忆神经网络.pdf	http://sso.cdclib.org/interlibSSO/goto/6/=06190596Z93/kcms/detail/detail.aspx?dbCode=cjfq&filename=JSJC505.009&dbname=CJFD9498
基于神经网络的k—近邻分类器	计算机工程	1995	1995年05期	【作者】 李伟 ； 何永保 ； 【机构】 复旦大学计算机科学系 ；	k－近邻分类器 ； 赢者独吞 ； k－Maximum网络 ； 基于神经网络k－近邻分类器 ；	设计了一个神经网络结构来执行著名的ｋ－近邻分类器，神经网络的并行计算大大减少了传统ｋ－近邻分类器的计算时间，并且性能不变，已有的传统ｋ－近邻分类器的特点同样可以继承．三种减少ｋ－近邻分类器结点的修改规则同样可包含在神经网络的学习算法中．另外，本网络采用的ｋ－Ｍａｘｉｍｕｍ子网具有比“赢者独吞”更好的性质。	1995年05期_基于神经网络的k—近邻分类器.pdf	http://sso.cdclib.org/interlibSSO/goto/6/=06190596Z93/kcms/detail/detail.aspx?dbCode=cjfq&filename=JSJC505.010&dbname=CJFD9498
利用遗传算法简化神经网络结构	计算机工程	1995	1995年05期	【作者】 晏建军 ； 何永保 ； 【机构】 复旦大学计算机科学系 ；	染色体 ； 遗传算法 ； 求和结点 ； 选择结点 ； 分段线性型神经网络 ；	讨论了如何采用遗传算法从例子中建立精简的分段线性型神经网络结构。所建立的网络结构中将只出现两类结点（神经元）：一类结点是求和结点，该结点上的作用函数是线性的；另一类结点是选择结点，该结点上的作用函数是诸如ＭＡＸ，ＭＩＮ等形式的选择函数、对于求和结点，使用遗传算法过程来获得其输入权重、输出偏正值等，从而得到该结点的输入－输出关系结构；对于选择结点，其上的作用函数是选择函数，但该选择函数的确定仍旧是较困难的，本文试图通过先建立起精简的神经网络结构模型，再在此模型上经过样本例子的学习来求得每个选择择点上的选作函数。一般地，在使用遗传算法时，应定义一个匹配函数，以便衡量染色体的“好”的程度，同时，为了加快遗传算法过程的速度，采用了一种传统的算法──单纯形法最优算法来减小搜索空间。最。后，以上海宝山钢铁总厂高炉炼铁过程中的滑料情况为实例说明了此方法的有效性．	1995年05期_利用遗传算法简化神经网络结构.pdf	http://sso.cdclib.org/interlibSSO/goto/6/=06190596Z93/kcms/detail/detail.aspx?dbCode=cjfq&filename=JSJC505.011&dbname=CJFD9498
RISC妥协策略──仿真X86指令集	计算机工程	1995	1995年05期	【作者】 雨百 ； 【机构】 华东计算技术研究所 ；	软件仿真 ； 硬件辅助仿真 ； 超长指令结构 ；	主要目标在于阐明ＲＩＳＣ系统设计者的妥协策略．面对着Ｘ８６结构巨大的软件优势，ＲＩＳＣ厂商只得采用仿真Ｘ８６指令的途径，以提高ＲＩＳＣ产品的竞争力．	1995年05期_RISC妥协策略──仿真X86指令集.pdf	http://sso.cdclib.org/interlibSSO/goto/6/=06190596Z93/kcms/detail/detail.aspx?dbCode=cjfq&filename=JSJC505.012&dbname=CJFD9498
桥、路由器、集中器的技术特点及其在LAN与高速光纤环网（FDDI）连网中的应用	计算机工程	1995	1995年05期	【作者】 赵信 ； 【机构】 华中理工大学计算中心 ；	高速光纤环网 ； 桥 ； 路由器 ； 集中器 ；	从应用角度出发介绍了ＦＤＤＩ的主要部件桥、路由器、集中器与相关技术，讨论了它们在ＬＡＮ与ＦＤＤＩ连网中的应用．	1995年05期_桥、路由器、集中器的技术特点及其在LAN与高速光纤环网（FDDI）连网中的应用.pdf	http://sso.cdclib.org/interlibSSO/goto/6/=06190596Z93/kcms/detail/detail.aspx?dbCode=cjfq&filename=JSJC505.013&dbname=CJFD9498
快速光造形技术中数据模型的诊断	计算机工程	1995	1995年04期	【作者】 杜忠于 ； 尹希猛 ； 王运赣 ； 黄树槐 ； 【机构】 华中理工大学塑料加工研究所 ；	快速光造形 ； 数据模型 ； 计算机辅助设计 ；	在快速光造形技术中，数据模型正确与否直拨影响工艺过程的具体实现。本文论述在微机上开发的快速光造形系统中数据模型的诊断软件，并通过实例说明如何修复有错误的数据模型。	1995年04期_快速光造形技术中数据模型的诊断.pdf	http://sso.cdclib.org/interlibSSO/goto/6/=06190596Z93/kcms/detail/detail.aspx?dbCode=cjfq&filename=JSJC504.000&dbname=CJFD9498
求关键路径的一个算法	计算机工程	1995	1995年04期	【作者】 孟繁桢 ； 【机构】 天津大学教学系 ；	关键路径 ； 栈 ； 有向图 ；	对于给出的事件结点网络，本文在按深度优先进行周游的基础上，求出从起点到终点的所有路径，经分析、比较后找出长度最大的路径，从而得出求关键路径的算法。	1995年04期_求关键路径的一个算法.pdf	http://sso.cdclib.org/interlibSSO/goto/6/=06190596Z93/kcms/detail/detail.aspx?dbCode=cjfq&filename=JSJC504.001&dbname=CJFD9498
汽车模具自动刀具运动轨迹生成技术的研究	计算机工程	1995	1995年04期	【作者】 卢金火 ； 赫建 ； 【机构】 中国第一汽车集团公司模具中心 ；	模具 ； 曲面 ； 工艺参数 ； 刀具运动轨迹 ；	论述了与刀具运动轨迹生成技术有关的曲线、曲面、等距曲面、曲而修剪及曲面求交的算法，并介绍了与此有关的一些概念及加工工艺参数的设定方法，重点讨论了刀具运动轨迹的自动生成方法。最后介绍该技术在汽车模具制造上的应用。	1995年04期_汽车模具自动刀具运动轨迹生成技术的研究.pdf	http://sso.cdclib.org/interlibSSO/goto/6/=06190596Z93/kcms/detail/detail.aspx?dbCode=cjfq&filename=JSJC504.002&dbname=CJFD9498
NURBS曲线的算法分析及实现	计算机工程	1995	1995年04期	【作者】 秦志光 ； 张凤荔 ； 刘锦德 ； 【机构】 电子科技大学微机研究所 ；	非均匀有理B样条（NURBS） ； 节点 ； 控制点 ； 基函数 ； 权 ； 曲线 ；	讨论并分析ＮＵＥＢＳ曲线及其几何性质、节点矢量、控制点和基函数对曲线形状的影响；给出了ＮＵＲＢＳ的算法分析及其实现方案，并在Ｓｕｎ平台上的ＸＧＬ中实现了该方案；最后，将ＮＵＲＢＳ曲线与老式曲线（如Ｂ样条、Ｂｃｚｉｃｒ曲线）进行了比较。	1995年04期_NURBS曲线的算法分析及实现.pdf	http://sso.cdclib.org/interlibSSO/goto/6/=06190596Z93/kcms/detail/detail.aspx?dbCode=cjfq&filename=JSJC504.003&dbname=CJFD9498
一类链规则递归查询优化	计算机工程	1995	1995年04期	【作者】 胡美琛 ； 【机构】 复旦大学计算机系 ；	数据库图 ； 正则语言 ； 正则路 ； 有限自动机 ； 右（左）线性链规则 ；	利用正则语言与有限自动机的关系以及数据库图，对一类链规则递归查询（即正则路问题）作研究，并且重写规则使递归谓词元数减少，以达到优化的目的。	1995年04期_一类链规则递归查询优化.pdf	http://sso.cdclib.org/interlibSSO/goto/6/=06190596Z93/kcms/detail/detail.aspx?dbCode=cjfq&filename=JSJC504.004&dbname=CJFD9498
面向对象的人机界面类库研究	计算机工程	1995	1995年04期	【作者】 王奋勇 ； 盛焕烨 ； 【机构】 上海交通大学计算机科学与工程系 ；	面向对象 ； 类库 ； 人机界面 ；	首先回顾了人机界面学科的发展历史及人机交互技术的状况，从多媒体用于人机界面的可能性和必要性。提出只有采用面向对象程序设计技术，才能既简化开发难度，又提高系统可用性，在分析而向对象程序设计的几个主要特征及其在人机界而上的应用可能性后，给出了一个面向对象的ＷＭＩＰ界面类库的实现实例。	1995年04期_面向对象的人机界面类库研究.pdf	http://sso.cdclib.org/interlibSSO/goto/6/=06190596Z93/kcms/detail/detail.aspx?dbCode=cjfq&filename=JSJC504.005&dbname=CJFD9498
远地后备的实现	计算机工程	1995	1995年04期	【作者】 苏立谦 ； 楼荣生 ； 倪重匡 ； 【机构】 复旦大学计算机系 ；	分布式数据库 ； 远程后备 ； 事务处理 ； 数据库恢复 ； 日志文件 ；	当远地后备数据库系统与主地点系统都拥有多个处理器并且不同地点间由多重通道线路连接，很难保持后备地点与主地点的一致性。本文提供了一个对多处理器系统有效的事务处理机制，以保证该特性和其它一些重要特性。	1995年04期_远地后备的实现.pdf	http://sso.cdclib.org/interlibSSO/goto/6/=06190596Z93/kcms/detail/detail.aspx?dbCode=cjfq&filename=JSJC504.006&dbname=CJFD9498
检查复杂分片模式完整性的有效算法	计算机工程	1995	1995年04期	【作者】 周娅 ； 楼荣生 ； 【机构】 复旦大学计算机科学系 ；	分片模式 ； 分片属性 ； 元组 ； 划分类 ； 划分谓词 ； 满足集 ； 划分模式 ；	对ＭｅｇｈｉｎｉＣ和ＴｈａｎｏｓＣ在《ＴｈｅＣｏｍｐｌｅｘｉｔｙｏｆｏｐｅｒａｔｉｏｎｓｏｎａＦｒａｇｍｅｎｔｅｄＲｅｌａｔｉｏｎ》一文中提出的检查复杂分片模式完整性的算法表示疑问，提出算法失败的一个反倒，并对原算法进行修改，证明其正确性。	1995年04期_检查复杂分片模式完整性的有效算法.pdf	http://sso.cdclib.org/interlibSSO/goto/6/=06190596Z93/kcms/detail/detail.aspx?dbCode=cjfq&filename=JSJC504.007&dbname=CJFD9498
软件重用的实现	计算机工程	1995	1995年04期	【作者】 李也戈 ； 张然 ； 【机构】 复旦大学计算机科学系 ；	软件重用 ； 抽象 ； 软件体系结构 ； 面向对象技术 ；	软件重用是指使用已有的软件成分构造新的软件系统的过程，本文分３个层次讨论软件重用的方法：实现层，设计层，体系结构层的软件重用，同时指出，抽象是实现软件重用技术的基础，而向对象技术提供了多种支持软件重用的机制。通过建立一个可重用软件对象库，和构造用于管理可重用对象的软件开发环境，形成一种新的基于软件重用的软件开发范型，必将对软件开发产生深远的影响。	1995年04期_软件重用的实现.pdf	http://sso.cdclib.org/interlibSSO/goto/6/=06190596Z93/kcms/detail/detail.aspx?dbCode=cjfq&filename=JSJC504.008&dbname=CJFD9498
一种模拟测定分布式数据库平均响应时间的方法	计算机工程	1995	1995年04期	【作者】 王于同 ； 王大全 ； 【机构】 杭州市电子工业学院计算机系 ；	分布式数据库 ； 响应时间 ； 模拟 ；	提出在给定的分布式数据库环境下，用计算机模拟的方论测定执行给定一组应用的平均响应时间，从而可判断同一分布式数据库系统的不同数据分布策略的优劣，达到提高系统性能的目的。	1995年04期_一种模拟测定分布式数据库平均响应时间的方法.pdf	http://sso.cdclib.org/interlibSSO/goto/6/=06190596Z93/kcms/detail/detail.aspx?dbCode=cjfq&filename=JSJC504.009&dbname=CJFD9498
一种高信息密度的二维码──矩阵码的技术及应用	计算机工程	1995	1995年04期	【作者】 胡俊翘 ； 李德群 ； 叶苏丹 ； 【机构】 华中理工大学机械学院 ； 深圳友诚国际经贸信息开发有限公司 ；	矩阵码 ； 信息密度 ； 二进制码 ；	介绍一种机器可读的二维二进制码－矩阵码，其大小、形式及信息密度可以任意变化，该码的显形为一矩形，有周边，数据信息包含在周边内，通过周边的密度来表明包含在矩阵内的数据密度，其大小决定了矩阵的大小。扫描装置正是根据周边的密度及大小来计算二进制码的大小及信息密度，最后，给出了矩阵码的应用系统及其在独特领域中的应用。	1995年04期_一种高信息密度的二维码──矩阵码的技术及应用.pdf	http://sso.cdclib.org/interlibSSO/goto/6/=06190596Z93/kcms/detail/detail.aspx?dbCode=cjfq&filename=JSJC504.010&dbname=CJFD9498
自我保健医学计算机系统	计算机工程	1995	1995年04期	【作者】 章建俊 ； 胡开敏 ； 【机构】 国际和平保健院 ； 上海市中医医院 ；	自我保健医学 ； 计算机 ； 多媒体 ； 专家系统 ；	自我保健医学是一门正在形成的新兴综合学科，它将对实现世界卫生组织和卫生部提出的“２０００年人人享有保健”目标具有重大意义。如何将现代科技方法用于自我保健医学的研究引起了各国科研人员的关注。本文概述了如何将计算机多媒体技术应用于自我保健医学体系，建立自我保健计算机系统（ＳＭＣＳ）。	1995年04期_自我保健医学计算机系统.pdf	http://sso.cdclib.org/interlibSSO/goto/6/=06190596Z93/kcms/detail/detail.aspx?dbCode=cjfq&filename=JSJC504.011&dbname=CJFD9498
多媒体数据库技术的研究	计算机工程	1995	1995年04期	【作者】 张明 ； 蔡绍稷 ； 张正兰 ； 【机构】 南京师范大学计算机系 ； 河海大学计算机系 ；	多媒体 ； 数据库 ； 面向对象 ； 数据模型 ；	近年来兴起的多媒体技术是一项涉及而很广的综合性技术，本文就其在数据库系统中的应用探讨了多媒体数据库系统实现中的若干技术问题，讨论了多媒体数据库的数据模型、系统结构、查询方式以及相关的实现技术。	1995年04期_多媒体数据库技术的研究.pdf	http://sso.cdclib.org/interlibSSO/goto/6/=06190596Z93/kcms/detail/detail.aspx?dbCode=cjfq&filename=JSJC504.012&dbname=CJFD9498
具有学习功能的书面汉语自动分词系统	计算机工程	1995	1995年04期	【作者】 王兵 ； 苏恩泽 ； 【机构】 空军工程学院研究生大队 ；	汉语自动分词 ； 教授学习 ； 逆向最大匹配法 ； 匹配 ；	提出一种新的书而汉语自动分词算法──增强型最大匹配法，并用此方法实现一个具有学习功能的书面汉语实时分词系统，系统运行实验表明该分词算法能比较好地解决汉语分词的歧义问题，并具有比较高的分词效率。	1995年04期_具有学习功能的书面汉语自动分词系统.pdf	http://sso.cdclib.org/interlibSSO/goto/6/=06190596Z93/kcms/detail/detail.aspx?dbCode=cjfq&filename=JSJC504.013&dbname=CJFD9498
高炉喷煤管道流量监测系统的初步开发	计算机工程	1995	1995年04期	【作者】 许炳楠 ； 张骏 ； 曾宪章 ； 薛立强 ； 【机构】 河海大学计算机系 ； 南京大学 ； 南京钢铁厂 ； 浪潮集团公司 ；	微机接口 ； 数据采集 ； 传感器 ； 图形显示 ；	介绍一个以ＰＣ微机接口技术为核心的实时监测系统的开发过程，根据现场特点选择合理的系统设计方案，建立可靠的硬件基础，在需求分析和数据流程分析的基础上确定系统软件的模块结构，在程序设计上，根据具体特点，灵活采用一些编程技巧，以有效地解决所遇到的各种问题。这些原则和技巧对于类似的接口开发任务具有借鉴价值。	1995年04期_高炉喷煤管道流量监测系统的初步开发.pdf	http://sso.cdclib.org/interlibSSO/goto/6/=06190596Z93/kcms/detail/detail.aspx?dbCode=cjfq&filename=JSJC504.014&dbname=CJFD9498
一个联机帮助系统的设计与实现	计算机工程	1995	1995年04期	【作者】 计拥泽 ； 周叶 ； 王家华 ； 【机构】 西安石油学院计算机系 ；	联机帮助 ；	介绍一个基于ＭＳ—Ｗｉｎｄｏｗｓ的联机帮助系统。该帮助系统突破了西文ＷｉｎｄｏｗｓＨｅｌｐ系统不能处理汉字的局限性，其帮助信息源文件较之ＷｉｎｄｏｗｓＨｅｌｐ系统的帮助信息源文件在结构上更为简单，可用任何一个中文编辑器编辑生成，无须用Ｈｅｌｐ编译器进行预编环，该帮助系统可以连接到任何一个ＭＳ—Ｗｉｎｄｏｗｓ应用软件中，应用其设计思想可以方便地建立以Ｍｏｔｉｆ或Ｏｐｅｎｌｏｏｋ为软件开发环境的中文联机帮助系统。	1995年04期_一个联机帮助系统的设计与实现.pdf	http://sso.cdclib.org/interlibSSO/goto/6/=06190596Z93/kcms/detail/detail.aspx?dbCode=cjfq&filename=JSJC504.015&dbname=CJFD9498
巧用PC　Tools恢复文件	计算机工程	1995	1995年04期	【作者】 刘晓睿 ； 【机构】 青岛海关技术处 ；	微型计算机 ； 文件分配表 ； PC ； Tools ； 数据区 ； 青岛海关 ； 文件数据 ； 数据文件 ； 引导区 ； 中西文兼容 ；	巧用ＰＣ　Ｔｏｏｌｓ恢复文件刘晓睿（青岛海关技术处青岛２６６０１１）由于当前微型计算机上存在大量病毒，使得恢复数据文件成为许多计算机工作人员要经常面临的问题。文件数据丢失一般有两种情形：一是数据区被彻底破坏，数据完全丢失，这种情况不多见，一旦出现就无...	1995年04期_巧用PC　Tools恢复文件.pdf	http://sso.cdclib.org/interlibSSO/goto/6/=06190596Z93/kcms/detail/detail.aspx?dbCode=cjfq&filename=JSJC504.016&dbname=CJFD9498
贺词	计算机工程	1995	1995年03期	【作者】 马定贤 ； 【机构】 华东计算技术研究所 ；	计算机工程 ； 定贤 ； 计算技术研究所 ； 专业范围 ； 国内发行 ； 科学技术期刊 ； 中文核心期刊 ； 文摘数据库 ； 发行范围 ； 科学技术协会 ；	贺词华东计算技术研究所所长马定贤《计算机工程》编委会主任热烈祝贺《计算机工程》杂志出版２０周年、满１００期。感谢各届编委的指导，感谢广大作者和读者对《计算机工程》的厚爱，感谢编辑部的同志们的辛勤劳动。《计算机工程》从１９７５年创刊至今，整整２０年了。...	1995年03期_贺词.pdf	http://sso.cdclib.org/interlibSSO/goto/6/=06190596Z93/kcms/detail/detail.aspx?dbCode=cjfq&filename=JSJC503.000&dbname=CJFD9498
五个著名的面向对象开发方法的评估	计算机工程	1995	1995年03期	【作者】 蔡林希 ； 周丙午 ； 王洪涛 ； 【机构】 华东计算技术研究所 ；	面向对象 ； 分析与设计方法 ； 评估准则 ；	近年来，从各个不同的背景提出了很多面向对象的分析和设计方法。比如，ＨＯＯＤ方法，Ｂｕｈｒ方法，Ｂｏｏｃｈ方法，Ｒｕｍｂａｕｇｈ方法和Ｗｉｒｆｓ－Ｂｒｏｃｋ方法．对每个方法按一组准则进行打分而对它们作出评估．评价的准则基于概念、模型，过程和实用性、其目的在于使实践者选挥方法时有所依据．	1995年03期_五个著名的面向对象开发方法的评估.pdf	http://sso.cdclib.org/interlibSSO/goto/6/=06190596Z93/kcms/detail/detail.aspx?dbCode=cjfq&filename=JSJC503.001&dbname=CJFD9498
一种改进的OMT方法	计算机工程	1995	1995年03期	【作者】 张宜昭 ； 陈涵生 ； 【机构】 华东计算技术研究所 ；	面向对象开发方法 ； 模型化技术 ； 分析方法 ；	针对一种具有代表性的面向对象开发方法—ＯＭＴ方法的不足，提出了相应改进措施，并利用应用实例进行解释说明．	1995年03期_一种改进的OMT方法.pdf	http://sso.cdclib.org/interlibSSO/goto/6/=06190596Z93/kcms/detail/detail.aspx?dbCode=cjfq&filename=JSJC503.002&dbname=CJFD9498
面向对象数据库中的一种基本数据结构	计算机工程	1995	1995年03期	【作者】 卢斌 ； 陈涵生 ； 【机构】 华东计算技术研究所 ；	面向对象 ； 面向对象数据库 ； 有向复图 ； 有序树 ； 简单连分数 ；	对面向对象数据库中的一种基本数据结构一有向复图／有序树作了一些研究。详细讨论了这种结构的一种新的表示方法—简单连分数表示，并且指出它在很多方面可获得广泛的应用。	1995年03期_面向对象数据库中的一种基本数据结构.pdf	http://sso.cdclib.org/interlibSSO/goto/6/=06190596Z93/kcms/detail/detail.aspx?dbCode=cjfq&filename=JSJC503.003&dbname=CJFD9498
OODB的支撑技术──持久程序设计语言（O＋＋和E的探讨）	计算机工程	1995	1995年03期	【作者】 俞一峻 ； 【机构】 复旦大学计算机科学系 ；	持久程序设计语言 ； 面向对象数据库 ； O＋＋语言 ； E语言 ；	持久程序设计语言是实现当前很有发展前途的面向对象数据库的一种支撑技术．这种技术是通过对面向对象程序设计语言的扩充，使之具有持久存储的设施，从而能够用来构造出关系数据库中任意复杂的持久的数据结构．本文主要介绍了Ｏ＋＋和Ｅ这两种具有代表性的持久程序设计语言，并描述了如何解决在实现面向对象数据库过程中所遇到的诸如隐蔽指针、持久性和数据类型无关性等几种困难问题．文章还比较了这两种语言的优缺点，希望能对面向对象数据库有关人员有所裨益．	1995年03期_OODB的支撑技术──持久程序设计语言（O＋＋和E的探讨）.pdf	http://sso.cdclib.org/interlibSSO/goto/6/=06190596Z93/kcms/detail/detail.aspx?dbCode=cjfq&filename=JSJC503.004&dbname=CJFD9498
基于模糊遗传的模糊模拟退火算法研究	计算机工程	1995	1995年03期	【作者】 王士同 ； 【机构】 华东船舶工业学院计算机系 ；	模糊集 ； 退火算法 ； 质心 ；	定义了模糊集的质心概念．并据此来确定模糊集的大小．针对模糊寻优问题，提出了模糊模拟退火算法ＦＳＡ．基于所提出的模糊遗传算法ＦＧＡ，还提出了算法ＦＳＡ的有效改进算法ＦＧＳＡ．	1995年03期_基于模糊遗传的模糊模拟退火算法研究.pdf	http://sso.cdclib.org/interlibSSO/goto/6/=06190596Z93/kcms/detail/detail.aspx?dbCode=cjfq&filename=JSJC503.005&dbname=CJFD9498
非精确推理的决策表方法及其调整算法	计算机工程	1995	1995年03期	【作者】 陈志宏 ； 倪重匡 ； 【机构】 复旦大学计算机系 ；	不精确性 ； 推理 ； 决策表 ；	讨论了不精确知识的分层网状模型，提出了机内表示方法．针对复杂的知识结构，给出了简化模型；并提出了“带权的决策表推理’方法．同时给出并证明能收敛的调整算法，大大提高了本方法适应环境变化的能力．	1995年03期_非精确推理的决策表方法及其调整算法.pdf	http://sso.cdclib.org/interlibSSO/goto/6/=06190596Z93/kcms/detail/detail.aspx?dbCode=cjfq&filename=JSJC503.006&dbname=CJFD9498
基于矩阵压缩的图像压缩算法研究	计算机工程	1995	1995年03期	【作者】 唐韶华 ； 【机构】 华南理工大学应用数学系 ；	数据结构 ； 图像压缩 ； 线性表压缩 ； 矩阵压缩 ；	用数据结构的表示方法导出了基于矩阵压缩的图像压缩算法，分析了其压缩存储效率，在″通用题库″应用中显示了较好的压缩效果，是对大量分段重复数据进行处理的有效存储结构．	1995年03期_基于矩阵压缩的图像压缩算法研究.pdf	http://sso.cdclib.org/interlibSSO/goto/6/=06190596Z93/kcms/detail/detail.aspx?dbCode=cjfq&filename=JSJC503.007&dbname=CJFD9498
论AutoCAD软件的接口技术	计算机工程	1995	1995年03期	【作者】 陆健中 ； 【机构】 广东机械学院计算机工程系 ；	接口 ； 数据库 ； AutoCAD ；	对目前广泛应用的ＡｕｔｏＣＡＤ图形软件系统所提供的各种接口方式进行了综合分析和讨论，还提出用Ｃ程序实现ＡｕｔｏＣＡＤ与外部数据库直接交换信息的方法．旨在更好地解决ＣＡＤ应用系统与ＡｕｔｏＣＡＤ图形系统的接口问题．	1995年03期_论AutoCAD软件的接口技术.pdf	http://sso.cdclib.org/interlibSSO/goto/6/=06190596Z93/kcms/detail/detail.aspx?dbCode=cjfq&filename=JSJC503.008&dbname=CJFD9498
新一代网络技术—ATM	计算机工程	1995	1995年03期	【作者】 夏大平 ； 卢克盛 ； 【机构】 华东计算技术研究所 ；	异步传输模式 ； 信元 ； 宽带综合业务数字网 ； 互连 ；	对ＡＴＭ的技术特征（信元、传输技术、交换技术）和基于ＡＴＭ的Ｂ—ＩＳＤＮ协议参考模型进行了较详细的论述；讨论了ＡＴＭ与现有网络的互连以及ＡＴＭ技术的现存问题；最后给出了几个应用实例．	1995年03期_新一代网络技术—ATM.pdf	http://sso.cdclib.org/interlibSSO/goto/6/=06190596Z93/kcms/detail/detail.aspx?dbCode=cjfq&filename=JSJC503.009&dbname=CJFD9498
星环网的复合访问协议	计算机工程	1995	1995年03期	【作者】 周银良 ； 肖德宝 ； 【机构】 湖北工学院电计系 ；	局域网 ； 介质访问协议 ； 有限状态机 ； 性能 ；	描述了一种星环网的介质访问复合协议，在令牌环的基础上；增加了实电路连接服务，使得星环网可以很好地适用于实时与交互式通信环境，运用有限状态机描述了该协议，最后与令牌环网的时延特性进行了计算机模拟比较．	1995年03期_星环网的复合访问协议.pdf	http://sso.cdclib.org/interlibSSO/goto/6/=06190596Z93/kcms/detail/detail.aspx?dbCode=cjfq&filename=JSJC503.010&dbname=CJFD9498
分布式容错系统NDFS中系统恢复的实现	计算机工程	1995	1995年03期	【作者】 朱育清 ； 【机构】 华东计算技术研究所 ；	分布式系统 ； 容错 ； 断点保留 ； 一致性断点 ； 通信关系表 ；	通过ＮＤＦＳ的实现．确立了以通信点为断点保留的策略，并以通信关系表为基础论述了进行断点保留、一致性断点查找和系统恢复的有关思想和技术．	1995年03期_分布式容错系统NDFS中系统恢复的实现.pdf	http://sso.cdclib.org/interlibSSO/goto/6/=06190596Z93/kcms/detail/detail.aspx?dbCode=cjfq&filename=JSJC503.011&dbname=CJFD9498
路牌调度系统研究	计算机工程	1995	1995年03期	【作者】 李雄飞 ； 赵永哲 ； 陈思国 ； 【机构】 吉林工业大学计算机系 ；	算法 ； 路牌 ； 调度 ；	针对公共汽车公司的客运调度问题提出和应的解决算法，并在公共汽车公司信息网络管理系统工程项目中．运用上述算法实现了客运调度自动化．	1995年03期_路牌调度系统研究.pdf	http://sso.cdclib.org/interlibSSO/goto/6/=06190596Z93/kcms/detail/detail.aspx?dbCode=cjfq&filename=JSJC503.012&dbname=CJFD9498
Windows下随机截取图像的方法	计算机工程	1995	1995年03期	【机构】 暨南大学 ；	图像边缘 ； Windows ； 图形处理 ； 图像处理 ； 程序调用 ； 图像文件 ； 暨南大学 ； 功能选择 ；	Ｗｉｎｄｏｗｓ下随机截取图像的方法Ｗｉｎｄｏｗｓ为用户提供了图形界面接口，为图像处理创造了得天独厚的条件．有丰富的图形处理函数可供应用程序调用。但有时直接使用已存在的图像，将会更加方便．比如用书写器编辑文章时，可以将图像直接加入自己的文章中。笔者根据...	1995年03期_Windows下随机截取图像的方法.pdf	http://sso.cdclib.org/interlibSSO/goto/6/=06190596Z93/kcms/detail/detail.aspx?dbCode=cjfq&filename=JSJC503.013&dbname=CJFD9498
C＋＋与RDBMS无缝接口的若干关键技术	计算机工程	1995	1995年02期	【作者】 楼荣生 ； 陈彤兵 ； 【机构】 复旦大学计算机科学系 ；	C＋＋容器类 ； 对象标识 ； 内存数据库 ； 访问控制 ； 事务管理 ；	ＯＯＰ＋ＤＢＭＳ是生成一个原型ＯＯＤＢＭＳ的自然途径，但要把这两个完全不同的软件集成为一个系统却颇费周折，本文讨论Ｃ＋＋与ＲＤＢＭＳ集成中的一些技术问题，主要有对象标识、内存对象库的查询、访问控制、事务管理等的实现问题．文中对一些难点提出了解决方案．	1995年02期_C＋＋与RDBMS无缝接口的若干关键技术.pdf	http://sso.cdclib.org/interlibSSO/goto/6/=06190596Z93/kcms/detail/detail.aspx?dbCode=cjfq&filename=JSJC502.000&dbname=CJFD9498
面向对象软件系统的实现	计算机工程	1995	1995年02期	【作者】 陈莹 ； 丁宝康 ； 【机构】 复旦大学计算机科学系 ；	软件工程 ； 面向对象 ； 可重用性 ；	由于类所特有的封装和信息隐蔽技术，使得采用面向对象技术开发的软件系统（ＯＯ系统）与传统技术开发的系统在实现上有明显的不同．本文着重介绍了如何在系统的实现阶段充分利用类的特点来重用已有的软件成分，构造新的ＯＯ系统。	1995年02期_面向对象软件系统的实现.pdf	http://sso.cdclib.org/interlibSSO/goto/6/=06190596Z93/kcms/detail/detail.aspx?dbCode=cjfq&filename=JSJC502.001&dbname=CJFD9498
面向对象的CASE工具评价模型	计算机工程	1995	1995年02期	【作者】 沈备军 ； 居德华 ； 刘光龙 ； 陈淼芬 ； 【机构】 华东理工大学计算机系 ； 上海软件开发中心 ；	工具评价 ； 软件质量度量 ； 面向对象方法 ；	ＣＡＳＥ工具的评价是一直迫切需要解决而尚未很好解决的课题．本文分析了以往的研究成果，在此基础上引入了面向对象的概念，提出了一种以软件质量评价的三级模型为基本构架，以工具类格为核心，面向对象的工具评价模型．该模型既能遵循通用的软件质量评价标准，又能根据评价目标、应用要求、工具特色进行调整，还允许以后的发展和扩充，为ＣＡＳＥ工具提供了一个较系统的评价方法．	1995年02期_面向对象的CASE工具评价模型.pdf	http://sso.cdclib.org/interlibSSO/goto/6/=06190596Z93/kcms/detail/detail.aspx?dbCode=cjfq&filename=JSJC502.002&dbname=CJFD9498
线性链规则递归查询的研究	计算机工程	1995	1995年02期	【作者】 胡美探 ； 【机构】 复旦大学计算机系 ；	数据库图 ； 线性链规则 ； 传递闭包 ；	讨论Ｄａｔａｌｏｇ线性链规则递归查询问题，利用数据库图可将它归约为普通传递闭包问题。	1995年02期_线性链规则递归查询的研究.pdf	http://sso.cdclib.org/interlibSSO/goto/6/=06190596Z93/kcms/detail/detail.aspx?dbCode=cjfq&filename=JSJC502.003&dbname=CJFD9498
调整Internet网络	计算机工程	1995	1995年02期	【作者】 张庭俊 ；	Internet ； 寻址 ； 抱怨声 ； 缺乏安全感 ；	调整Ｉｎｔｅｒｎｅｔ网络Ｉｎｔｅｒｎｅｔ需要作一次大调整，Ｋｌｅｉｎｒｏｃｋ对疯狂发展着的“网络’提出一种新的网络体系．他说：‘整个新体学要求建造成系统，不能通过附加的办法处理问题”．这些问题包括安全性、Ｉｎｔｅｒｎｅｔ的最好工作‘服务’以及各种寻址...	1995年02期_调整Internet网络.pdf	http://sso.cdclib.org/interlibSSO/goto/6/=06190596Z93/kcms/detail/detail.aspx?dbCode=cjfq&filename=JSJC502.004&dbname=CJFD9498
有关MIS的智能检索接口与规则处理探讨	计算机工程	1995	1995年02期	【作者】 杨宪泽 ； 【机构】 西南民族学院 ；	管理信息系统 ； 智能检索 ； 规则处理 ；	随着管理信息系统技术的发展，人们对检索接口的灵活性要求越来越高，文中提出了一种自然语言检索接口的方法，并设计了一个产生式规则索引算法，以提高管理信息系统的检索速度．	1995年02期_有关MIS的智能检索接口与规则处理探讨.pdf	http://sso.cdclib.org/interlibSSO/goto/6/=06190596Z93/kcms/detail/detail.aspx?dbCode=cjfq&filename=JSJC502.005&dbname=CJFD9498
实时数据库管理软件的集成策略	计算机工程	1995	1995年02期	【作者】 周步祥 ； 余小文 ； 【机构】 四川联合大学西区电力系 ；	实时 ； 数据库 ； 软件集成 ；	从实时系统对数据库的要求出发．给出了一种面向用户．且集实时数据库的建立、使用、维护、扩展等功能于一身的集成实时数据库管理软件设计策略．	1995年02期_实时数据库管理软件的集成策略.pdf	http://sso.cdclib.org/interlibSSO/goto/6/=06190596Z93/kcms/detail/detail.aspx?dbCode=cjfq&filename=JSJC502.006&dbname=CJFD9498
C／C＋＋存储管理的功能扩充	计算机工程	1995	1995年02期	【作者】 刘广钟 ； 【机构】 中国矿业大学自动化系 ；	寻址模式 ； 虚拟存储 ； C＋＋ ； 指针 ； 类 ；	通过对ＭｉｃｒｏｓｏｆｔＣ系列版本的比较，在第七版本的存储管理系统中，综述了ｂａｓｅｄ寻址函数、虚拟存储管理和Ｃ＋＋存储管理的实现原理与使用方法．	1995年02期_C／C＋＋存储管理的功能扩充.pdf	http://sso.cdclib.org/interlibSSO/goto/6/=06190596Z93/kcms/detail/detail.aspx?dbCode=cjfq&filename=JSJC502.007&dbname=CJFD9498
三维复杂型腔的数控加工新方法	计算机工程	1995	1995年02期	【作者】 牟欣 ； 刘晓云 ； 张曰敏 ； 【机构】 华中理工大学ＣＡＤ中心 ；	计算机辅助设计 ； 计算机辅助制造 ； 数控加工 ； 型腔 ； 刀具轨迹 ； 偏置曲面 ；	提出了一种适用于三维复杂型腔数控加工的新方法．该方法包括偏置曲面求交、偏置曲面裁剪和曲面参数域内刀具轨迹规划等三部分．其中计算刀具定位数据的算法精确、高效，不仅可用于由雕塑曲面构成的复杂型腔的数控加工，也适用于单张曲面的区域加工和组合曲面的三轴数控加工．	1995年02期_三维复杂型腔的数控加工新方法.pdf	http://sso.cdclib.org/interlibSSO/goto/6/=06190596Z93/kcms/detail/detail.aspx?dbCode=cjfq&filename=JSJC502.008&dbname=CJFD9498
平面图形消隐技术的研究	计算机工程	1995	1995年02期	【作者】 唐增宝 ； 穆学林 ； 陈继勇 ； 【机构】 华中理工大学机械系 ；	平面图形 ； 消隐算法 ； 边界环 ；	用拼装法绘制装配图时，存在被零件遮挡的隐蔽线，文中提出了消去这些隐蔽线的算法以及实现消隐的有关技术．此消隐技术在实际生产中得到了应用．	1995年02期_平面图形消隐技术的研究.pdf	http://sso.cdclib.org/interlibSSO/goto/6/=06190596Z93/kcms/detail/detail.aspx?dbCode=cjfq&filename=JSJC502.009&dbname=CJFD9498
单向变链码交叉图形压缩技术	计算机工程	1995	1995年02期	【作者】 周步样 ； 【机构】 四川联合大学西区电子系 ；	计算机图形 ； 存储技术 ； 单向变链码 ；	根据计算机图形的特点，定义了图形变点及广义图形变点的概念，并在此基础上给出了一种效率高、恢复速度快的图形压缩技术，适合于图形处理量大、实时性要求高的图形处理系统．	1995年02期_单向变链码交叉图形压缩技术.pdf	http://sso.cdclib.org/interlibSSO/goto/6/=06190596Z93/kcms/detail/detail.aspx?dbCode=cjfq&filename=JSJC502.010&dbname=CJFD9498
计算机应用的可伸缩性原则	计算机工程	1995	1995年02期		可伸缩性 ； 设计方案 ； 计算机应用 ； 计算机技术 ； 功能模块 ； 共享存储器 ； 配置控制 ；	计算机应用的可伸缩性原则随着计算机技术的发展，计算机应用也愈来愈广泛．对于不向的应用需求，计算机设计师不可能一下子也不可能提出某种方法为各种应用需求提供统一的解决办法．为了节省开支，目前大部分的设计方案都是以现有的方法去实现新的环境要求．实现这一新的...	1995年02期_计算机应用的可伸缩性原则.pdf	http://sso.cdclib.org/interlibSSO/goto/6/=06190596Z93/kcms/detail/detail.aspx?dbCode=cjfq&filename=JSJC502.011&dbname=CJFD9498
图形数据库与关系数据库数据交换方法	计算机工程	1995	1995年02期	【作者】 何枫 ； 【机构】 西南交通大学计算中心 ；	计算机辅助设计 ； 数据库 ； 数据交换 ；	针对ＣＡＤ集成环境，提出一种图形数据库与关系数据库一体化设计的数据交换方法．	1995年02期_图形数据库与关系数据库数据交换方法.pdf	http://sso.cdclib.org/interlibSSO/goto/6/=06190596Z93/kcms/detail/detail.aspx?dbCode=cjfq&filename=JSJC502.012&dbname=CJFD9498
用队列管理系统实现网络资源共享	计算机工程	1995	1995年02期	【作者】 叶靖波 ； 【机构】 上海交通大学信息计算中心 ；	NetWare网络操作系统 ； 队列管理系统 ； 网络资源共享 ；	在分析了ＮｅｔＷａｒｅ网络操作系统网络资源共享功能之不足后，提出用队列管理系统实现网络资源共享，文中对该系统的编程要点作了较为详细的介绍并给出用于演示的实现ＷＰＳ软件打印共享的队列管理系统程序．	1995年02期_用队列管理系统实现网络资源共享.pdf	http://sso.cdclib.org/interlibSSO/goto/6/=06190596Z93/kcms/detail/detail.aspx?dbCode=cjfq&filename=JSJC502.013&dbname=CJFD9498
90年代电视会议市场增长7倍	计算机工程	1995	1995年02期		电视会议 ； 左右将 ； 视频会议 ； 研究报告 ；	９０年代电视会议市场增长７倍Ｆｒｏｓｔ＆Ｓｕｌｌｉｖａｎ／市场智能发表的一份新的研究报告表明，电视会议系统和业务全世界市场到２０００年左右将猛增到目前规模的７倍以上，每年将以３３％的综合速率增长，从１９９２年的１７亿美元猛增到１９９９年的近１３０亿美...	1995年02期_90年代电视会议市场增长7倍.pdf	http://sso.cdclib.org/interlibSSO/goto/6/=06190596Z93/kcms/detail/detail.aspx?dbCode=cjfq&filename=JSJC502.014&dbname=CJFD9498
MAPFTAM－AI的实现及其在UFO中的应用	计算机工程	1995	1995年02期	【作者】 杨疆湖 ； 曲海 ； 【机构】 复旦大学计算机科学系 ；	计算机网络 ； 体系结构 ； 协议 ； 服务 ； 虚拟文件库 ； 文档类型 ；	首先介绍ＭＡＰ制订的ＦＴＡＭ—ＡＩ标准，对它的五类函数的功能和结构进行分析．然后讨论它在ＳＵＮ－ＵＮＩＸ上的实现，提出了一种积木式构造方法，最后介绍在网络环境下，应用ＦＴＡＭ—ＡＩ服务开发的、多台计算机之间的文件操作实用程序ＵＦＯ．	1995年02期_MAPFTAM－AI的实现及其在UFO中的应用.pdf	http://sso.cdclib.org/interlibSSO/goto/6/=06190596Z93/kcms/detail/detail.aspx?dbCode=cjfq&filename=JSJC502.015&dbname=CJFD9498
一种通用分布式过程控制微机系统的研究	计算机工程	1995	1995年02期	【作者】 殷小贡 ； 赵志敏 ； 【机构】 湖北工学院分院电计系 ；	分布式系统 ； 过程控制 ； 体系结构 ； 进程通信 ； 资源 ；	研究了一种由多台１６位单片机组成的分布式控制系统．系统具有较好的通用性和较高的性能价格比，能适用于多种过程控制环境．并对这种系统的结构和硬、软件设计策略作一介绍．	1995年02期_一种通用分布式过程控制微机系统的研究.pdf	http://sso.cdclib.org/interlibSSO/goto/6/=06190596Z93/kcms/detail/detail.aspx?dbCode=cjfq&filename=JSJC502.016&dbname=CJFD9498
PC仪器软件体系结构设计的方法	计算机工程	1995	1995年02期	【作者】 吴海良 ； 裴先登 ； 胡亦鸣 ； 谢长生 ； 【机构】 华中理工大学计算机系 ；	个人计算机仪器 ； 软件 ； 结构 ； 模块 ；	提出了一种结构层次清晰、易于移值的个人计算机仪器系统软件的设计方法，对系统软件结构层次的划分作了详细论述，并讨论了各层次之间的相互关系和各层软件之间的接口．	1995年02期_PC仪器软件体系结构设计的方法.pdf	http://sso.cdclib.org/interlibSSO/goto/6/=06190596Z93/kcms/detail/detail.aspx?dbCode=cjfq&filename=JSJC502.017&dbname=CJFD9498
多媒体计算机中视频／音频信号获取技术的研究	计算机工程	1995	1995年02期	【作者】 张翔 ； 张正兰 ； 蔡绍稷 ； 【机构】 南京师范大学计算机系 ； 河海大学计算机系 ； 南京师范大学计算中心 ；	视频／音频 ； 多媒体技术 ； 获取技术 ；	阐述了多媒体计算机中音频／视频信号的获取．给出了视频和音频信号获取器的模块结构图及重要的时序波形图，详述了各部分的原理、功能及其实现措施．着重论述了视频信号数字处理的技术问题．	1995年02期_多媒体计算机中视频／音频信号获取技术的研究.pdf	http://sso.cdclib.org/interlibSSO/goto/6/=06190596Z93/kcms/detail/detail.aspx?dbCode=cjfq&filename=JSJC502.018&dbname=CJFD9498
字长对一类伪随机数序列周期的影响	计算机工程	1995	1995年02期	【作者】 罗平 ； 【机构】 武汉交通科技大学计算机系 ；	伪随机数 ； 周期 ； 字长 ；	提出了在字长限制下，按方法Ｕｉ＝｛ＡＵｉ－１｝实际生成的伪随机数序列的周期计算公式；通过理论分析与数字实例表明该方法可在ＲＥＡＬ＊８之下用于普通的随机模拟问题，但不宜在大型模拟问题中使用．	1995年02期_字长对一类伪随机数序列周期的影响.pdf	http://sso.cdclib.org/interlibSSO/goto/6/=06190596Z93/kcms/detail/detail.aspx?dbCode=cjfq&filename=JSJC502.019&dbname=CJFD9498
设计你的汉字库	计算机工程	1995	1995年02期	【作者】 王宇君 ； 刘佳 ； 【机构】 复旦大学计算机系 ；	软件 ； 汉字库 ； 快速输出 ； C源程序 ；	介绍了在西文操作系统下如何设计你的汉字库，如何实现这些汉字的快速显示，并以１６×１６点阵字库为例，给出了实现这些设计的Ｃ源程序．	1995年02期_设计你的汉字库.pdf	http://sso.cdclib.org/interlibSSO/goto/6/=06190596Z93/kcms/detail/detail.aspx?dbCode=cjfq&filename=JSJC502.020&dbname=CJFD9498
Groupware市场报告	计算机工程	1995	1995年02期	【作者】 涨庭俊 ；	市场报告 ； Groupware ； 成本估计 ； 基础结构 ； 软件产品 ； 强得多 ；	Ｇｒｏｕｐｗａｒｅ市场报告在欧洲和美国的Ｇｒ。ｕｐｗａｔｏ市场（括产品、培训和实现税利）将大大超过２００％的速度增长，到１９９８年达到５５亿美元．ＯｍＵｐ—瓜市场最重要的推动者是安装了＊＊一＊＊Ｎ，从而大量办公室职员，特别是大单位中的职员都能使用Ｇｒ...	1995年02期_Groupware市场报告.pdf	http://sso.cdclib.org/interlibSSO/goto/6/=06190596Z93/kcms/detail/detail.aspx?dbCode=cjfq&filename=JSJC502.021&dbname=CJFD9498
无尽闲传问题中的基图组合思想	计算机工程	1995	1995年01期	【作者】 包振东 ； 【机构】 上海交通大学计算机系 ；	广播 ； 闲传 ； 二阶超图 ； 全息子集 ；	介绍的是有关强连通信息网络中无尽闲传问题研究的一种新方法，其指导思想是将任意图形结构归结为基图的有限组合，从中找出无尽闲传的最佳策略．	1995年01期_无尽闲传问题中的基图组合思想.pdf	http://sso.cdclib.org/interlibSSO/goto/6/=06190596Z93/kcms/detail/detail.aspx?dbCode=cjfq&filename=JSJC199501000&dbname=CJFD9498
CIMS网络MMS通信系统	计算机工程	1995	1995年01期	【作者】 顾冠群 ； 吴国新 ； 余勇明 ； 王洪兴 ； 夏勤 ； 【机构】 东南大学计算机系 ；	制造报文规范 ； 异构网络互连 ； 计算机集成制造系统 ；	ＭＭＳ—制造报文规范．是计算机网络中重要的应用层服务元素之一，适合于工厂ＣＩＭＳ和自动化系统的通信．本文介绍异构网络ＭＭＳ实现的方法、运行在Ｅｔｈｅｒｎｅｔ网ＴＣＰ／ＩＰ协议和ＭＡＰ网ＡＣＳＥ平台的ＭＭＳ软件、信关设计以及互操作性的验证．	1995年01期_CIMS网络MMS通信系统.pdf	http://sso.cdclib.org/interlibSSO/goto/6/=06190596Z93/kcms/detail/detail.aspx?dbCode=cjfq&filename=JSJC199501001&dbname=CJFD9498
用Petri网模拟两级分布调度算法	计算机工程	1995	1995年01期	【作者】 田增平 ； 瞿兆荣 ； 【机构】 华东计算技术研究所 ；	Petri网 ； 分布式调度算法 ； 稳定性 ；	用Ｐｃｔｒｉ网描述了两级分布调度算法．在此模型上，定义了分布调度算法的稳定性．最后，基于此模型，证明了两级分布调度算法是稳定的．	1995年01期_用Petri网模拟两级分布调度算法.pdf	http://sso.cdclib.org/interlibSSO/goto/6/=06190596Z93/kcms/detail/detail.aspx?dbCode=cjfq&filename=JSJC199501002&dbname=CJFD9498
面向对象分析与设计的实现	计算机工程	1995	1995年01期	【作者】 吴永辉 ； 【机构】 华东师范大学计算机系 ；	面向对象设计 ； 社会 ； 面向对象图 ； 结构化开发 ； 类层次图 ； 功能结构图 ； 操作图 ；	给出了进行软件开发的ＯＯＡＤ（Ｏｂｊｅｃｔ－ｏｒｉｃｎｔｅｄＡｎａｌｙｓｉｓａｎｄＤｅｓｉｇｎ）方法以及基于这一方法的实验性原型ＯＯＡＤ系统的结构．ＯＯＡＤ方法以面向对象技术改进传统的结构化开发，设计人员与用户通过文档和图形进行交互，最终，系统产生一个面向对象的软件系统结构．	1995年01期_面向对象分析与设计的实现.pdf	http://sso.cdclib.org/interlibSSO/goto/6/=06190596Z93/kcms/detail/detail.aspx?dbCode=cjfq&filename=JSJC199501003&dbname=CJFD9498
一种面向对象的数据库设计方法	计算机工程	1995	1995年01期	【作者】 张春海 ； 【机构】 青岛海洋大学计算机系 ；	面向对象的方法 ； 数据库设计 ； 关系数据库管理系统 ；	论述了一种将面向对象的设计思想应用于数据库设计的方法，讨论了在用户观点下如何建立面向对象模型及其向传统的关系模型的转换．	1995年01期_一种面向对象的数据库设计方法.pdf	http://sso.cdclib.org/interlibSSO/goto/6/=06190596Z93/kcms/detail/detail.aspx?dbCode=cjfq&filename=JSJC199501004&dbname=CJFD9498
实时多任务管理系统的简化软件设计	计算机工程	1995	1995年01期	【作者】 林立 ； 肖东晖 ； 【机构】 荆门石化设计院 ； 华中理工大学计算机系 ；	任务 ； 多任务管理 ； 实时系统 ；	从应用角度出发，提出了一种实时多任务管理系统简化的软件设计方法．这种方法的优点是逻辑简单，易于扩充和移植．	1995年01期_实时多任务管理系统的简化软件设计.pdf	http://sso.cdclib.org/interlibSSO/goto/6/=06190596Z93/kcms/detail/detail.aspx?dbCode=cjfq&filename=JSJC199501005&dbname=CJFD9498
约束驱动的二维变量几何造型系统	计算机工程	1995	1995年01期	【作者】 钱小平 ； 向文 ； 周济 ； 钟毅芳 ； 【机构】 华中理工大学ＣＡＤ中心 ；	参数化设计 ； 约束驱动 ； 变量几何 ； 推理 ；	给出了一种二维变量几何系统的系统结构．它将约束求解分成几何推理与数值求解两个层次进行，并阐述了几何约束推理与数值求解相结合的算法．对约束模式的一致性及约束的局部求解也作了相应的研究．	1995年01期_约束驱动的二维变量几何造型系统.pdf	http://sso.cdclib.org/interlibSSO/goto/6/=06190596Z93/kcms/detail/detail.aspx?dbCode=cjfq&filename=JSJC199501006&dbname=CJFD9498
一种用圆弧逼近平面三次B样条曲线的算法	计算机工程	1995	1995年01期	【作者】 陆健中 ； 洪毅 ； 【机构】 广东机械学院 ； 华南理工大学 ；	双圆弧逼近 ； B样条曲线 ； 计算机图形学 ；	给出一种用圆弧逼近平面三次Ｂ样条曲线的算法．该算法能保持曲线的整体光滑，达到Ｃ１连续，并可对逼近精度加以控制．	1995年01期_一种用圆弧逼近平面三次B样条曲线的算法.pdf	http://sso.cdclib.org/interlibSSO/goto/6/=06190596Z93/kcms/detail/detail.aspx?dbCode=cjfq&filename=JSJC199501007&dbname=CJFD9498
Intel公司1995年的某些打算	计算机工程	1995	1995年01期		raw coal ； method of cost accounting ； metwork analysisFree words cost control ； unfavourable balance ； favourablebalance ； self-adaptable algorithm ； raw coal ； method of cost accounting ； metwork analysisFree words cost control ； unfavourable balance ； favourablebalance ； self-adaptable algorithm ；	Ｉｎｔｅｌ公司１９９５年的某些打算１９９５年，第五代Ｘ８６微处理器将进一步开展工作。虽然大量的４８６类芯片已不那么热门了，但５８６类芯片正在迅速扩大市场，这将给系统市场和用户有更多的选择。到１９９５年末，形势将迫使系统价格降到２０００美元以下．Ｉｎｔ...	1995年01期_Intel公司1995年的某些打算.pdf	http://sso.cdclib.org/interlibSSO/goto/6/=06190596Z93/kcms/detail/detail.aspx?dbCode=cjfq&filename=JSJC199501008&dbname=CJFD9498
一种用双曲线偶逼近三次平面B样条曲线的算法	计算机工程	1995	1995年01期	【作者】 杜玉越 ； 【机构】 聊城师范学院计算中心 ；	计算机图形学 ； 双曲线偶逼近 ； B样条曲线 ；	提出一种用双曲线偶逼近三次平面Ｂ样条曲线的算法．该算法保持曲线的整体光滑性，逼近精度高，可节省一半绘图信息，并可对逼近精度进行控制．该算法也可推广到双曲线偶逼近其它类型的三次平面曲线．	1995年01期_一种用双曲线偶逼近三次平面B样条曲线的算法.pdf	http://sso.cdclib.org/interlibSSO/goto/6/=06190596Z93/kcms/detail/detail.aspx?dbCode=cjfq&filename=JSJC199501009&dbname=CJFD9498
机械加工过程NC驱动三维仿真系统的研究	计算机工程	1995	1995年01期	【作者】 杨合明 ； 周济 ； 【机构】 华中理工大学ＣＡＤ中心 ；	机械加工 ； 仿真 ； 数控程序检验 ；	在分析了机械加工过程仿真的功能需求后，设计了机械加工过程仿真器的体系结构，研究了其中的理论方法和关键技术，并实现了机械加工过程仿真器ＭＰＳ．	1995年01期_机械加工过程NC驱动三维仿真系统的研究.pdf	http://sso.cdclib.org/interlibSSO/goto/6/=06190596Z93/kcms/detail/detail.aspx?dbCode=cjfq&filename=JSJC199501010&dbname=CJFD9498
人工神经网络在回归分析中的应用	计算机工程	1995	1995年01期	【作者】 吴新根 ； 葛家理 ； 【机构】 石油大学 ；	人工神经网络 ； 回归分析 ； 函数连接 ； BP算法 ；	讨论了人工神经网络用于一元和多元回归分析以及为改善神经网络性能而引入的函数连接．根据文中的实例和我们的实践表明，人工神经网络可用于回归分析．	1995年01期_人工神经网络在回归分析中的应用.pdf	http://sso.cdclib.org/interlibSSO/goto/6/=06190596Z93/kcms/detail/detail.aspx?dbCode=cjfq&filename=JSJC199501011&dbname=CJFD9498
乐谱识别的预处理和环境参数测定	计算机工程	1995	1995年01期	【作者】 王林泉 ； 章文怡 ； 郑刚 ； 【机构】 上海海运学院计算机系 ；	音符 ； 环境参数 ； 谱线宽度 ； 乐谱识别 ； 自动演奏 ；	提出了一种乐谱计算机识别的预处理及环境参数测量的方法．乐谱经扫描仪输入，要作预处理、确定谱表位置、测定谱线宽度、去除噪音、删除谱线等一系列识别前阶段的工作，要为乐谱分割和识别以及自动演奏作好前期准备．计算机系统实验表明，乐谱识别的预处理和环境参数测定是非常有效的．	1995年01期_乐谱识别的预处理和环境参数测定.pdf	http://sso.cdclib.org/interlibSSO/goto/6/=06190596Z93/kcms/detail/detail.aspx?dbCode=cjfq&filename=JSJC199501012&dbname=CJFD9498
一种新型的集散式控制系统设计	计算机工程	1995	1995年01期	【作者】 钱旭 ； 李志强 ； 王都霞 ； 【机构】 中国矿业大学自动化系 ；	集散式控制系统 ； 面向对象技术 ； 元类 ；	按照传统的设计方法，一个集散式控制系统与硬件环境是紧密相关的．随着面向对象技术的引入，面向对象集散式控制系统的软件设计已不必完全依赖于硬件的环境了．它的软件设计完全可以超前于硬件环境的设计．因为可以根据软件设计所提供的不同的基本控制元类组装成硬件环境中提出的各种不同的控制要求．文中，以一个机动车自动检测控制系统的模则，来讨论如何利用而向对象技术来设计一个易维护、易组合与拆卸的开放型集散式控制系统。	1995年01期_一种新型的集散式控制系统设计.pdf	http://sso.cdclib.org/interlibSSO/goto/6/=06190596Z93/kcms/detail/detail.aspx?dbCode=cjfq&filename=JSJC199501013&dbname=CJFD9498
X射线衍射形貌相机控制系统的开发	计算机工程	1995	1995年01期	【作者】 许柄楠 ； 吴进 ； 【机构】 河海大学计算机系 ；	智能仪器 ； 微型机 ； 接口 ； 控制 ； 编程 ； 软件包 ；	介绍利用ＰＣ系列微机对一台引进的精密贵重仪器进行改造和二次开发的全过程．着重介绍ＩＥＥＥ－４８８标准接口总线在智能仪器设备控制中的作用、常用的编程方法、控制软件包的设计技巧．最后说明这种改造方案所获得的效益及其对于整个专业实验技术改造工作的实用意义．	1995年01期_X射线衍射形貌相机控制系统的开发.pdf	http://sso.cdclib.org/interlibSSO/goto/6/=06190596Z93/kcms/detail/detail.aspx?dbCode=cjfq&filename=JSJC199501014&dbname=CJFD9498
工程图纸上的字符提取和识别系统	计算机工程	1995	1995年01期	【作者】 杜建强 ； 陈月林 ； 刘少媚 ； 周济 ； 【机构】 华中理工大学ＣＡＤ中心 ；	轮廓 ； 字符提取 ； 字符识别 ；	工程图纸上字符的提取和识别是工程图纸识别和理解的关键．提出了一种基于轮廓的图文分离方法，成功地从工程图纸中提取出了字符，并研制成了实用化识别软件．经初步测试．识别率高达９２％以上．	1995年01期_工程图纸上的字符提取和识别系统.pdf	http://sso.cdclib.org/interlibSSO/goto/6/=06190596Z93/kcms/detail/detail.aspx?dbCode=cjfq&filename=JSJC199501015&dbname=CJFD9498
企业生产调度、管理一体化系统的设计与实现	计算机工程	1995	1995年01期	【作者】 李晓 ； 周俊林 ； 贾克斌 ； 【机构】 中国科学院新疆物理所 ；	工业控制 ； 管理信息系统 ； 生产调度 ；	介绍了企业生产调度、管理一体化系统的设计和实现过程，并系统地描述企业生产调度、管理一体化系统的体系结构和一些技术特点．	1995年01期_企业生产调度、管理一体化系统的设计与实现.pdf	http://sso.cdclib.org/interlibSSO/goto/6/=06190596Z93/kcms/detail/detail.aspx?dbCode=cjfq&filename=JSJC199501016&dbname=CJFD9498
Apple、IBM和Motorola公司的PowerPC620特性	计算机工程	1995	1995年01期		PowerPC ； Motorola公司 ； Apple ； IBM ； 浮点寄存器 ； 图形处理 ； 地址总线 ； 总线接口 ； 数据总线 ； 执行部件 ；	Ａｐｐｌｅ、ＩＢＭ和Ｍｏｔｏｒｏｌａ公司的ＰｏｗｅｒＰＣ６２０特性·１３３ＭＨｚ理器时钟．·１／２倍、３倍、４倍速率总线接口时钟．·１２８位数据总线。·４０位地址总线．·６４位图形处理寄存器ＧＰＲ和浮点寄存器．·３．３Ｖ电压运行．·７００万只晶体管．...	1995年01期_Apple、IBM和Motorola公司的PowerPC620特性.pdf	http://sso.cdclib.org/interlibSSO/goto/6/=06190596Z93/kcms/detail/detail.aspx?dbCode=cjfq&filename=JSJC199501017&dbname=CJFD9498
Intel怎么办?	计算机工程	1995	1995年01期		软件兼容性 ； 体系结构 ； Intel ； 芯片级 ； 母板 ； 微核 ；	Ｉｎｔｅｌ怎么办？在谈论ＲＩＳＣＧ微处理器优点的同时，你必须了解ＣＩＳＣ的国王Ｉｎｔｅｌ。长期以来，ＲＩＳＣ结构比ＣＩＳＣ结构价格低、性能高。但是，Ｉｎｔｅｌ所追求的是ＣＩＳＣ，尤其，Ｉｎｔｅｌ８０×８６系列ＣＰＵ已成为软件兼容性的基础。然而，越来越...	1995年01期_Intel怎么办?.pdf	http://sso.cdclib.org/interlibSSO/goto/6/=06190596Z93/kcms/detail/detail.aspx?dbCode=cjfq&filename=JSJC199501018&dbname=CJFD9498
